// Data set for ubmark-merge-sort

int size = 1000;

int src[] = {
  -51948,
  -12611,
  -5411,
  -21901,
  34889,
  18430,
  -60987,
  -61072,
  -46486,
  61715,
  6832,
  52459,
  39519,
  53893,
  42104,
  -27175,
  -5061,
  31001,
  -59538,
  60402,
  8159,
  59152,
  10851,
  -4037,
  -56217,
  64660,
  41209,
  -61570,
  -61357,
  46835,
  65525,
  -58315,
  -61979,
  24329,
  -43151,
  -62023,
  41212,
  -5415,
  -28744,
  16189,
  -42405,
  -12421,
  -50808,
  -62010,
  -47390,
  43208,
  37,
  35890,
  -41976,
  44391,
  29028,
  -42056,
  -48438,
  -19195,
  -39002,
  33415,
  58558,
  8702,
  -18964,
  -38045,
  59015,
  14299,
  57325,
  -17909,
  45089,
  -34262,
  -55228,
  2381,
  41105,
  -48425,
  -6506,
  21734,
  58080,
  29940,
  39322,
  25192,
  -45095,
  -41559,
  4015,
  15798,
  44899,
  -23153,
  52804,
  -45680,
  -55563,
  28393,
  60224,
  61087,
  2612,
  -65170,
  37782,
  20366,
  35848,
  -54692,
  -25983,
  38928,
  -33992,
  -61237,
  44885,
  -11408,
  40709,
  -21277,
  6446,
  -22063,
  -60090,
  -59244,
  4240,
  -40066,
  47242,
  -62144,
  -63424,
  7086,
  39568,
  22316,
  -61500,
  39761,
  -5681,
  -25701,
  49500,
  43708,
  -48628,
  -26120,
  -64669,
  35284,
  41408,
  -63656,
  -54406,
  -3707,
  38725,
  -26863,
  37641,
  -27291,
  -55878,
  54221,
  -3189,
  -37411,
  -18982,
  -35428,
  64629,
  12930,
  -28288,
  -65307,
  -45344,
  -39574,
  -49260,
  -34045,
  4420,
  21756,
  -40931,
  36460,
  -14908,
  -47465,
  -29911,
  -13626,
  35128,
  2913,
  63207,
  57456,
  -39727,
  -55854,
  -34130,
  28577,
  -11761,
  -23393,
  -9798,
  27851,
  -6622,
  16738,
  22896,
  -9097,
  54818,
  25929,
  -16498,
  18576,
  1275,
  5970,
  -58324,
  6484,
  12230,
  56993,
  -1511,
  40230,
  -20816,
  -37071,
  -39700,
  57923,
  -387,
  6320,
  24637,
  37516,
  -37438,
  -45315,
  40958,
  26702,
  16393,
  -55231,
  57372,
  20591,
  30441,
  -12384,
  -49107,
  -36809,
  10083,
  -5934,
  -31018,
  -44863,
  -60308,
  40907,
  25490,
  -48868,
  64275,
  8058,
  -9125,
  24065,
  23748,
  41423,
  58052,
  -52085,
  -33932,
  -39462,
  1327,
  -48801,
  -11228,
  22927,
  -44521,
  18872,
  -53813,
  41989,
  53711,
  39922,
  34580,
  -11774,
  -57938,
  -32429,
  35897,
  -65172,
  -45382,
  -23911,
  -8820,
  58357,
  17745,
  -27181,
  41960,
  37731,
  33839,
  -3834,
  -24187,
  46990,
  6712,
  -880,
  44905,
  -24386,
  10830,
  3853,
  -52405,
  -4778,
  33605,
  -22889,
  -9067,
  -5341,
  -19052,
  -24040,
  -63865,
  51288,
  -47080,
  -698,
  -23570,
  18200,
  -17245,
  -27928,
  -57045,
  31083,
  -3821,
  12090,
  48553,
  12550,
  8763,
  49394,
  24027,
  35575,
  -32180,
  -20977,
  -23293,
  -58882,
  34782,
  37527,
  -52316,
  27386,
  37784,
  -1090,
  -15915,
  64538,
  -14067,
  -27948,
  -38666,
  36531,
  -15764,
  58006,
  -39995,
  29055,
  8680,
  -10016,
  -14687,
  -11253,
  42635,
  7842,
  -46399,
  55984,
  -61486,
  8697,
  -37323,
  4614,
  11891,
  -4820,
  31515,
  -53867,
  -13283,
  -39780,
  48412,
  41494,
  23017,
  -59268,
  -47241,
  -34660,
  -11754,
  -20480,
  55922,
  43138,
  64426,
  17357,
  -55473,
  14043,
  -1009,
  49305,
  -59360,
  61904,
  -65255,
  -55310,
  34139,
  16387,
  -7938,
  25221,
  781,
  25846,
  -9763,
  2499,
  -51999,
  -36112,
  -43756,
  -5402,
  41881,
  -33916,
  -2600,
  -22343,
  -54070,
  -65026,
  -24523,
  29862,
  -56457,
  -17175,
  26995,
  -36854,
  -8436,
  33934,
  -32076,
  -34670,
  -49117,
  54310,
  -39298,
  20213,
  3714,
  23859,
  11866,
  -36540,
  47774,
  -12840,
  -58632,
  16147,
  51698,
  -39741,
  2058,
  -16134,
  -61650,
  -1261,
  -33407,
  -29467,
  42812,
  -14736,
  57875,
  44123,
  -10577,
  19246,
  -30760,
  30452,
  -59598,
  41614,
  25816,
  -50893,
  6580,
  43978,
  8318,
  17821,
  55228,
  -2742,
  57698,
  25954,
  -35527,
  -60645,
  8410,
  53685,
  35395,
  -49445,
  -54860,
  37218,
  23524,
  -32902,
  -15743,
  -14564,
  -4967,
  -11933,
  50678,
  -31344,
  -65218,
  -39984,
  18503,
  -12480,
  8148,
  -64405,
  -27057,
  -4094,
  15524,
  -5007,
  39330,
  -20178,
  -8428,
  -32918,
  1823,
  41275,
  37403,
  20380,
  23335,
  -41793,
  -55551,
  28281,
  -10868,
  49543,
  -22025,
  -15763,
  -26660,
  39605,
  -40841,
  37061,
  46684,
  29119,
  4310,
  41958,
  -24220,
  15964,
  -43264,
  -20623,
  -15982,
  -50312,
  8833,
  23059,
  -57930,
  -19785,
  -22629,
  -22034,
  -18258,
  -18811,
  -8062,
  54588,
  3947,
  -44062,
  28629,
  51891,
  55308,
  -4922,
  37229,
  18915,
  -24069,
  29172,
  -13734,
  55454,
  157,
  -10841,
  -56843,
  -32504,
  -24197,
  -56710,
  -41198,
  56292,
  -62045,
  -48286,
  -40762,
  48220,
  51743,
  25341,
  -5953,
  54823,
  11072,
  17191,
  -4887,
  45602,
  -58736,
  579,
  28829,
  -37576,
  46802,
  25976,
  34420,
  -6290,
  2234,
  -876,
  44855,
  8856,
  41724,
  24559,
  -27692,
  -7396,
  16902,
  16905,
  26745,
  -48352,
  35406,
  46836,
  -63476,
  -7466,
  8350,
  34246,
  24405,
  22695,
  -28586,
  -40564,
  54907,
  -36800,
  32169,
  -29801,
  35843,
  1702,
  29043,
  -30343,
  -57843,
  19354,
  23849,
  53563,
  -31917,
  60821,
  -56432,
  -24691,
  8246,
  -9297,
  -22265,
  38246,
  -38347,
  23482,
  -21000,
  39113,
  -57154,
  -10690,
  32818,
  57284,
  -25760,
  2894,
  11565,
  40096,
  46930,
  49555,
  -14993,
  11779,
  13582,
  -23109,
  56228,
  -26191,
  46428,
  50928,
  61653,
  -65194,
  -5120,
  -38969,
  866,
  35146,
  10474,
  49646,
  32884,
  16377,
  6527,
  -21337,
  51803,
  35792,
  56548,
  -11886,
  62895,
  -58290,
  18278,
  -7767,
  36563,
  -50906,
  -42111,
  52130,
  62083,
  -5307,
  -38667,
  54624,
  -16565,
  -7522,
  11969,
  39258,
  -25805,
  -59066,
  -52728,
  11145,
  50957,
  -16373,
  -58389,
  -54638,
  54379,
  -48052,
  21396,
  19517,
  47225,
  18367,
  15827,
  39084,
  25137,
  43681,
  60172,
  54996,
  35633,
  25693,
  -20334,
  5,
  16399,
  6633,
  59798,
  -25933,
  62280,
  -2001,
  -62920,
  29301,
  5015,
  43783,
  -11311,
  9289,
  50363,
  -60947,
  1463,
  -50620,
  -5528,
  -8315,
  29686,
  -42646,
  -31479,
  -18974,
  56973,
  51134,
  19079,
  -26533,
  -38545,
  -62259,
  29703,
  21723,
  19208,
  24894,
  45558,
  -5965,
  -221,
  14225,
  -28249,
  -60631,
  37191,
  -49431,
  35214,
  17229,
  -64125,
  -5494,
  -10563,
  -41547,
  32667,
  41242,
  -8665,
  15238,
  -5740,
  50390,
  -45633,
  -21153,
  -1790,
  -57820,
  12756,
  -48492,
  43067,
  44747,
  -40217,
  48781,
  -14398,
  -57042,
  -61871,
  -50627,
  58914,
  -20790,
  -33788,
  -3016,
  18752,
  -51946,
  39993,
  -41762,
  62956,
  18619,
  14042,
  58624,
  -53361,
  49241,
  -52942,
  27247,
  23752,
  -41702,
  1463,
  -14743,
  51424,
  15405,
  -32598,
  9218,
  -13285,
  46958,
  -24336,
  -51967,
  -49931,
  10724,
  48221,
  43489,
  18472,
  -38297,
  29555,
  -41068,
  46531,
  8950,
  -29052,
  10166,
  46167,
  28791,
  29184,
  -46842,
  34462,
  35715,
  63403,
  58017,
  7458,
  -47981,
  26845,
  -6402,
  12348,
  34121,
  -17302,
  18505,
  63722,
  -16844,
  56329,
  47102,
  -59886,
  6875,
  27704,
  15184,
  -47066,
  21807,
  5877,
  37908,
  16973,
  -27343,
  -32787,
  -50913,
  -7054,
  14681,
  -15538,
  33017,
  -49658,
  -5539,
  -56381,
  25655,
  18176,
  -5454,
  -9841,
  -18698,
  32046,
  -50892,
  62656,
  -2124,
  6893,
  1480,
  -27994,
  47949,
  -44334,
  12054,
  -54650,
  -57802,
  18679,
  -11316,
  60799,
  39248,
  12429,
  -64116,
  8214,
  -11626,
  -29857,
  38892,
  -387,
  13576,
  -9595,
  -1221,
  42735,
  13816,
  -42020,
  23468,
  39417,
  52024,
  28965,
  4851,
  7950,
  -35840,
  5836,
  60480,
  -42565,
  -18568,
  -49164,
  4495,
  -4564,
  -8813,
  -16379,
  15258,
  21076,
  -60262,
  20893,
  41107,
  -27628,
  14738,
  -39453,
  -10851,
  54451,
  28503,
  44250,
  28129,
  -15998,
  -39439,
  -24883,
  -13816,
  4818,
  51023,
  -15662,
  -58874,
  -12543,
  -21958,
  19593,
  713,
  8445,
  -50647,
  -42760,
  -37765,
  -28128,
  -10431,
  -10829,
  -13063,
  23085,
  36199,
  -26991,
  -45222,
  -30453,
  56206,
  63035,
  -51634,
  -15386,
  30465,
  -8990,
  25788,
  -39193,
  -54677,
  -4551,
  47260,
  -64771,
  -64354,
  46163,
  -843,
  40298,
  -11968,
  6114,
  -49801,
  11242,
  -51382,
  -14033,
  55022,
  18771,
  -53858,
  -54964,
  18769,
  -49451,
  -10132,
  2320,
  18170,
  -36252,
  -16193,
  6516,
  -62714,
  10149,
  -32894,
  25932,
  -13092,
  46886,
  -32660,
  52252,
  19014,
  -3582,
  -10825,
  -6035,
  -55508,
  -43694,
  53815,
  -10037,
  26055,
  -31025,
  15417,
  -24970,
  -54179,
  21099,
  -57697,
  35220,
  -49796,
  -26345,
  -59282,
  -35815,
  -23513,
  7011,
  60225,
  -28167,
  -19232,
  46623,
  24887,
  -61644,
  -33330,
  52832,
  -37141,
  52441,
  -33576,
  -11157,
  37847,
  30175,
  -13372,
  -59835,
  -54494,
  -39948,
  2318,
  28298,
  -65053,
  -8522,
  49124,
  -6705,
  -35657,
  39114,
  15288,
  8711,
  -57981,
  3923,
  -6259,
  -36202,
  52328,
  19411,
  47106,
  39222,
  -38364,
  56599,
  -31531,
  40614,
  -38050,
  -18622,
  47960,
  -31355,
  -52810,
  -37334,
  -24933,
  -31818,
  -4908,
  50050,
  17091,
  -49639,
  -57207,
  -59786,
  -9307,
  28011,
  45227,
  -50931,
  -64133,
  3729,
  -5872,
  -17844,
  58731,
  -53298,
  -51535,
  -15628,
  -24187,
  56559,
  13252,
  16367,
  16056,
};

int ref[] = {
  -65307,
  -65255,
  -65218,
  -65194,
  -65172,
  -65170,
  -65053,
  -65026,
  -64771,
  -64669,
  -64405,
  -64354,
  -64133,
  -64125,
  -64116,
  -63865,
  -63656,
  -63476,
  -63424,
  -62920,
  -62714,
  -62259,
  -62144,
  -62045,
  -62023,
  -62010,
  -61979,
  -61871,
  -61650,
  -61644,
  -61570,
  -61500,
  -61486,
  -61357,
  -61237,
  -61072,
  -60987,
  -60947,
  -60645,
  -60631,
  -60308,
  -60262,
  -60090,
  -59886,
  -59835,
  -59786,
  -59598,
  -59538,
  -59360,
  -59282,
  -59268,
  -59244,
  -59066,
  -58882,
  -58874,
  -58736,
  -58632,
  -58389,
  -58324,
  -58315,
  -58290,
  -57981,
  -57938,
  -57930,
  -57843,
  -57820,
  -57802,
  -57697,
  -57207,
  -57154,
  -57045,
  -57042,
  -56843,
  -56710,
  -56457,
  -56432,
  -56381,
  -56217,
  -55878,
  -55854,
  -55563,
  -55551,
  -55508,
  -55473,
  -55310,
  -55231,
  -55228,
  -54964,
  -54860,
  -54692,
  -54677,
  -54650,
  -54638,
  -54494,
  -54406,
  -54179,
  -54070,
  -53867,
  -53858,
  -53813,
  -53361,
  -53298,
  -52942,
  -52810,
  -52728,
  -52405,
  -52316,
  -52085,
  -51999,
  -51967,
  -51948,
  -51946,
  -51634,
  -51535,
  -51382,
  -50931,
  -50913,
  -50906,
  -50893,
  -50892,
  -50808,
  -50647,
  -50627,
  -50620,
  -50312,
  -49931,
  -49801,
  -49796,
  -49658,
  -49639,
  -49451,
  -49445,
  -49431,
  -49260,
  -49164,
  -49117,
  -49107,
  -48868,
  -48801,
  -48628,
  -48492,
  -48438,
  -48425,
  -48352,
  -48286,
  -48052,
  -47981,
  -47465,
  -47390,
  -47241,
  -47080,
  -47066,
  -46842,
  -46486,
  -46399,
  -45680,
  -45633,
  -45382,
  -45344,
  -45315,
  -45222,
  -45095,
  -44863,
  -44521,
  -44334,
  -44062,
  -43756,
  -43694,
  -43264,
  -43151,
  -42760,
  -42646,
  -42565,
  -42405,
  -42111,
  -42056,
  -42020,
  -41976,
  -41793,
  -41762,
  -41702,
  -41559,
  -41547,
  -41198,
  -41068,
  -40931,
  -40841,
  -40762,
  -40564,
  -40217,
  -40066,
  -39995,
  -39984,
  -39948,
  -39780,
  -39741,
  -39727,
  -39700,
  -39574,
  -39462,
  -39453,
  -39439,
  -39298,
  -39193,
  -39002,
  -38969,
  -38667,
  -38666,
  -38545,
  -38364,
  -38347,
  -38297,
  -38050,
  -38045,
  -37765,
  -37576,
  -37438,
  -37411,
  -37334,
  -37323,
  -37141,
  -37071,
  -36854,
  -36809,
  -36800,
  -36540,
  -36252,
  -36202,
  -36112,
  -35840,
  -35815,
  -35657,
  -35527,
  -35428,
  -34670,
  -34660,
  -34262,
  -34130,
  -34045,
  -33992,
  -33932,
  -33916,
  -33788,
  -33576,
  -33407,
  -33330,
  -32918,
  -32902,
  -32894,
  -32787,
  -32660,
  -32598,
  -32504,
  -32429,
  -32180,
  -32076,
  -31917,
  -31818,
  -31531,
  -31479,
  -31355,
  -31344,
  -31025,
  -31018,
  -30760,
  -30453,
  -30343,
  -29911,
  -29857,
  -29801,
  -29467,
  -29052,
  -28744,
  -28586,
  -28288,
  -28249,
  -28167,
  -28128,
  -27994,
  -27948,
  -27928,
  -27692,
  -27628,
  -27343,
  -27291,
  -27181,
  -27175,
  -27057,
  -26991,
  -26863,
  -26660,
  -26533,
  -26345,
  -26191,
  -26120,
  -25983,
  -25933,
  -25805,
  -25760,
  -25701,
  -24970,
  -24933,
  -24883,
  -24691,
  -24523,
  -24386,
  -24336,
  -24220,
  -24197,
  -24187,
  -24187,
  -24069,
  -24040,
  -23911,
  -23570,
  -23513,
  -23393,
  -23293,
  -23153,
  -23109,
  -22889,
  -22629,
  -22343,
  -22265,
  -22063,
  -22034,
  -22025,
  -21958,
  -21901,
  -21337,
  -21277,
  -21153,
  -21000,
  -20977,
  -20816,
  -20790,
  -20623,
  -20480,
  -20334,
  -20178,
  -19785,
  -19232,
  -19195,
  -19052,
  -18982,
  -18974,
  -18964,
  -18811,
  -18698,
  -18622,
  -18568,
  -18258,
  -17909,
  -17844,
  -17302,
  -17245,
  -17175,
  -16844,
  -16565,
  -16498,
  -16379,
  -16373,
  -16193,
  -16134,
  -15998,
  -15982,
  -15915,
  -15764,
  -15763,
  -15743,
  -15662,
  -15628,
  -15538,
  -15386,
  -14993,
  -14908,
  -14743,
  -14736,
  -14687,
  -14564,
  -14398,
  -14067,
  -14033,
  -13816,
  -13734,
  -13626,
  -13372,
  -13285,
  -13283,
  -13092,
  -13063,
  -12840,
  -12611,
  -12543,
  -12480,
  -12421,
  -12384,
  -11968,
  -11933,
  -11886,
  -11774,
  -11761,
  -11754,
  -11626,
  -11408,
  -11316,
  -11311,
  -11253,
  -11228,
  -11157,
  -10868,
  -10851,
  -10841,
  -10829,
  -10825,
  -10690,
  -10577,
  -10563,
  -10431,
  -10132,
  -10037,
  -10016,
  -9841,
  -9798,
  -9763,
  -9595,
  -9307,
  -9297,
  -9125,
  -9097,
  -9067,
  -8990,
  -8820,
  -8813,
  -8665,
  -8522,
  -8436,
  -8428,
  -8315,
  -8062,
  -7938,
  -7767,
  -7522,
  -7466,
  -7396,
  -7054,
  -6705,
  -6622,
  -6506,
  -6402,
  -6290,
  -6259,
  -6035,
  -5965,
  -5953,
  -5934,
  -5872,
  -5740,
  -5681,
  -5539,
  -5528,
  -5494,
  -5454,
  -5415,
  -5411,
  -5402,
  -5341,
  -5307,
  -5120,
  -5061,
  -5007,
  -4967,
  -4922,
  -4908,
  -4887,
  -4820,
  -4778,
  -4564,
  -4551,
  -4094,
  -4037,
  -3834,
  -3821,
  -3707,
  -3582,
  -3189,
  -3016,
  -2742,
  -2600,
  -2124,
  -2001,
  -1790,
  -1511,
  -1261,
  -1221,
  -1090,
  -1009,
  -880,
  -876,
  -843,
  -698,
  -387,
  -387,
  -221,
  5,
  37,
  157,
  579,
  713,
  781,
  866,
  1275,
  1327,
  1463,
  1463,
  1480,
  1702,
  1823,
  2058,
  2234,
  2318,
  2320,
  2381,
  2499,
  2612,
  2894,
  2913,
  3714,
  3729,
  3853,
  3923,
  3947,
  4015,
  4240,
  4310,
  4420,
  4495,
  4614,
  4818,
  4851,
  5015,
  5836,
  5877,
  5970,
  6114,
  6320,
  6446,
  6484,
  6516,
  6527,
  6580,
  6633,
  6712,
  6832,
  6875,
  6893,
  7011,
  7086,
  7458,
  7842,
  7950,
  8058,
  8148,
  8159,
  8214,
  8246,
  8318,
  8350,
  8410,
  8445,
  8680,
  8697,
  8702,
  8711,
  8763,
  8833,
  8856,
  8950,
  9218,
  9289,
  10083,
  10149,
  10166,
  10474,
  10724,
  10830,
  10851,
  11072,
  11145,
  11242,
  11565,
  11779,
  11866,
  11891,
  11969,
  12054,
  12090,
  12230,
  12348,
  12429,
  12550,
  12756,
  12930,
  13252,
  13576,
  13582,
  13816,
  14042,
  14043,
  14225,
  14299,
  14681,
  14738,
  15184,
  15238,
  15258,
  15288,
  15405,
  15417,
  15524,
  15798,
  15827,
  15964,
  16056,
  16147,
  16189,
  16367,
  16377,
  16387,
  16393,
  16399,
  16738,
  16902,
  16905,
  16973,
  17091,
  17191,
  17229,
  17357,
  17745,
  17821,
  18170,
  18176,
  18200,
  18278,
  18367,
  18430,
  18472,
  18503,
  18505,
  18576,
  18619,
  18679,
  18752,
  18769,
  18771,
  18872,
  18915,
  19014,
  19079,
  19208,
  19246,
  19354,
  19411,
  19517,
  19593,
  20213,
  20366,
  20380,
  20591,
  20893,
  21076,
  21099,
  21396,
  21723,
  21734,
  21756,
  21807,
  22316,
  22695,
  22896,
  22927,
  23017,
  23059,
  23085,
  23335,
  23468,
  23482,
  23524,
  23748,
  23752,
  23849,
  23859,
  24027,
  24065,
  24329,
  24405,
  24559,
  24637,
  24887,
  24894,
  25137,
  25192,
  25221,
  25341,
  25490,
  25655,
  25693,
  25788,
  25816,
  25846,
  25929,
  25932,
  25954,
  25976,
  26055,
  26702,
  26745,
  26845,
  26995,
  27247,
  27386,
  27704,
  27851,
  28011,
  28129,
  28281,
  28298,
  28393,
  28503,
  28577,
  28629,
  28791,
  28829,
  28965,
  29028,
  29043,
  29055,
  29119,
  29172,
  29184,
  29301,
  29555,
  29686,
  29703,
  29862,
  29940,
  30175,
  30441,
  30452,
  30465,
  31001,
  31083,
  31515,
  32046,
  32169,
  32667,
  32818,
  32884,
  33017,
  33415,
  33605,
  33839,
  33934,
  34121,
  34139,
  34246,
  34420,
  34462,
  34580,
  34782,
  34889,
  35128,
  35146,
  35214,
  35220,
  35284,
  35395,
  35406,
  35575,
  35633,
  35715,
  35792,
  35843,
  35848,
  35890,
  35897,
  36199,
  36460,
  36531,
  36563,
  37061,
  37191,
  37218,
  37229,
  37403,
  37516,
  37527,
  37641,
  37731,
  37782,
  37784,
  37847,
  37908,
  38246,
  38725,
  38892,
  38928,
  39084,
  39113,
  39114,
  39222,
  39248,
  39258,
  39322,
  39330,
  39417,
  39519,
  39568,
  39605,
  39761,
  39922,
  39993,
  40096,
  40230,
  40298,
  40614,
  40709,
  40907,
  40958,
  41105,
  41107,
  41209,
  41212,
  41242,
  41275,
  41408,
  41423,
  41494,
  41614,
  41724,
  41881,
  41958,
  41960,
  41989,
  42104,
  42635,
  42735,
  42812,
  43067,
  43138,
  43208,
  43489,
  43681,
  43708,
  43783,
  43978,
  44123,
  44250,
  44391,
  44747,
  44855,
  44885,
  44899,
  44905,
  45089,
  45227,
  45558,
  45602,
  46163,
  46167,
  46428,
  46531,
  46623,
  46684,
  46802,
  46835,
  46836,
  46886,
  46930,
  46958,
  46990,
  47102,
  47106,
  47225,
  47242,
  47260,
  47774,
  47949,
  47960,
  48220,
  48221,
  48412,
  48553,
  48781,
  49124,
  49241,
  49305,
  49394,
  49500,
  49543,
  49555,
  49646,
  50050,
  50363,
  50390,
  50678,
  50928,
  50957,
  51023,
  51134,
  51288,
  51424,
  51698,
  51743,
  51803,
  51891,
  52024,
  52130,
  52252,
  52328,
  52441,
  52459,
  52804,
  52832,
  53563,
  53685,
  53711,
  53815,
  53893,
  54221,
  54310,
  54379,
  54451,
  54588,
  54624,
  54818,
  54823,
  54907,
  54996,
  55022,
  55228,
  55308,
  55454,
  55922,
  55984,
  56206,
  56228,
  56292,
  56329,
  56548,
  56559,
  56599,
  56973,
  56993,
  57284,
  57325,
  57372,
  57456,
  57698,
  57875,
  57923,
  58006,
  58017,
  58052,
  58080,
  58357,
  58558,
  58624,
  58731,
  58914,
  59015,
  59152,
  59798,
  60172,
  60224,
  60225,
  60402,
  60480,
  60799,
  60821,
  61087,
  61653,
  61715,
  61904,
  62083,
  62280,
  62656,
  62895,
  62956,
  63035,
  63207,
  63403,
  63722,
  64275,
  64426,
  64538,
  64629,
  64660,
  65525,
};

