// Data set for ubmark-merge-sort

int size = 5000;

int src[] = {
  2891,
  65317,
  -27821,
  -53997,
  -62604,
  49436,
  -53636,
  -25525,
  36381,
  -42055,
  -48540,
  -1329,
  -61012,
  -36835,
  -22646,
  933,
  -28505,
  15824,
  -30590,
  -44039,
  57082,
  57688,
  -33418,
  -15402,
  -11385,
  -59077,
  28269,
  14563,
  60352,
  -45412,
  -9393,
  9352,
  57701,
  -861,
  -35984,
  -25662,
  -51971,
  2051,
  20331,
  578,
  -57537,
  -38419,
  40080,
  64180,
  63222,
  55416,
  40446,
  -60799,
  -7936,
  -1500,
  -36347,
  -53085,
  -52794,
  -1370,
  -37861,
  -63959,
  32926,
  4539,
  4857,
  -52370,
  -4853,
  -23402,
  29973,
  60905,
  -10779,
  1905,
  -61179,
  -4758,
  -46297,
  -62482,
  -27224,
  29558,
  -37055,
  -61216,
  63833,
  33258,
  46565,
  5890,
  45409,
  -30131,
  10730,
  -49118,
  -6334,
  -33198,
  -29631,
  20712,
  9814,
  -32566,
  52925,
  51383,
  -38944,
  2532,
  -54809,
  -57964,
  34479,
  -14350,
  -38749,
  -49278,
  -12028,
  16986,
  10377,
  -36534,
  64551,
  36078,
  36887,
  -37121,
  38335,
  -46897,
  45741,
  -33908,
  -47757,
  -739,
  64895,
  -54129,
  -10964,
  26942,
  7983,
  -54029,
  -6087,
  -29883,
  -60429,
  -37212,
  14709,
  28982,
  27,
  -62810,
  65505,
  -4235,
  -61899,
  -1869,
  -13164,
  -60720,
  -35293,
  -35003,
  -30723,
  11647,
  -49715,
  -3004,
  -52052,
  12814,
  7984,
  -64410,
  58877,
  -12487,
  23566,
  20702,
  20795,
  47240,
  12030,
  60037,
  -24098,
  -29855,
  50347,
  -36009,
  53162,
  35569,
  54106,
  42667,
  -57056,
  14238,
  31724,
  35004,
  -4665,
  21598,
  -51117,
  -35929,
  57996,
  -39431,
  42087,
  -61914,
  -56468,
  24477,
  -37917,
  5139,
  -6450,
  -38602,
  44022,
  48804,
  -54917,
  8010,
  13365,
  -9251,
  45772,
  27248,
  -9731,
  39273,
  -45702,
  47480,
  -9481,
  34327,
  22882,
  15888,
  -14689,
  37498,
  26147,
  -30240,
  26749,
  21599,
  -25362,
  -42576,
  -18268,
  -30512,
  -27612,
  32783,
  56653,
  8613,
  -35563,
  39405,
  55497,
  54677,
  53460,
  37260,
  36909,
  57605,
  75,
  -49716,
  -12905,
  -56844,
  -62024,
  -43697,
  14217,
  39014,
  3506,
  -36136,
  64804,
  46022,
  1332,
  39925,
  25623,
  363,
  6270,
  -29826,
  26216,
  44226,
  -2732,
  3201,
  2255,
  -34276,
  65399,
  3109,
  -61889,
  47519,
  -64366,
  -12065,
  59323,
  -49800,
  -7637,
  50261,
  -87,
  3627,
  -44366,
  -42953,
  17103,
  14637,
  6489,
  34752,
  39685,
  -51227,
  56566,
  57420,
  -11260,
  -20558,
  -24755,
  -56384,
  30951,
  -16047,
  -33711,
  51585,
  30348,
  1753,
  -3725,
  27973,
  40787,
  -56151,
  -60812,
  -25282,
  16414,
  55794,
  42770,
  48190,
  -48942,
  47883,
  -56063,
  -33342,
  -19759,
  53312,
  42325,
  -1332,
  32913,
  -12874,
  -10771,
  -56386,
  11522,
  40786,
  -32629,
  -63082,
  40303,
  -21468,
  33328,
  -35834,
  -42384,
  -2564,
  35154,
  23209,
  57268,
  17380,
  36951,
  -41814,
  -14826,
  39751,
  43654,
  -28863,
  28824,
  31120,
  -64983,
  35335,
  -15574,
  58115,
  51922,
  -55257,
  2266,
  -37936,
  -1187,
  -29865,
  -60346,
  42018,
  -51291,
  -4374,
  -18350,
  52903,
  19728,
  26979,
  64008,
  44853,
  63738,
  -61504,
  32333,
  -28413,
  28320,
  -38118,
  57182,
  -44261,
  -15216,
  -39146,
  -48667,
  39377,
  2966,
  32247,
  4862,
  19417,
  -47505,
  -50697,
  -63715,
  60975,
  39620,
  -46762,
  -18588,
  17421,
  40074,
  -59478,
  55562,
  -12833,
  28394,
  -2598,
  -32692,
  16402,
  -4683,
  28801,
  -55644,
  39763,
  59163,
  10678,
  -41627,
  -4071,
  65051,
  9582,
  -64770,
  58145,
  -40966,
  45167,
  -53932,
  -29603,
  -33526,
  -17337,
  10757,
  27452,
  -26222,
  -28536,
  -35195,
  46790,
  62074,
  31166,
  -7414,
  -30672,
  -60085,
  -15755,
  35568,
  55170,
  -22476,
  50519,
  -11651,
  -37165,
  -45959,
  -24767,
  37420,
  -26964,
  1867,
  -26636,
  -23408,
  -40531,
  -17257,
  -45515,
  58002,
  26592,
  -9822,
  23376,
  -47274,
  -7666,
  -27531,
  17063,
  21529,
  6820,
  -45590,
  41716,
  -29461,
  -55235,
  6013,
  49836,
  26942,
  -13378,
  -15349,
  667,
  -14321,
  16693,
  -41622,
  -57724,
  -34514,
  2019,
  5014,
  -55123,
  10840,
  42447,
  -8888,
  21287,
  -5988,
  35813,
  54419,
  29912,
  -9763,
  37180,
  -32383,
  22241,
  57367,
  -21474,
  39110,
  -5435,
  64956,
  -6178,
  24680,
  -7384,
  -15512,
  63562,
  -31420,
  18626,
  -2708,
  -51765,
  -58159,
  39196,
  -38124,
  -47199,
  -19077,
  42599,
  30895,
  -49768,
  22078,
  -19974,
  -11310,
  14005,
  -57723,
  51439,
  59352,
  6145,
  -39147,
  -4181,
  43439,
  -12501,
  11568,
  -63789,
  61832,
  -27005,
  -57800,
  2538,
  -37111,
  26911,
  -5132,
  -61231,
  31546,
  -65426,
  37564,
  -55577,
  15351,
  -41231,
  -21406,
  38618,
  65191,
  -51119,
  -34239,
  -49530,
  -26370,
  33335,
  -23937,
  -11789,
  27799,
  28026,
  -22150,
  -6783,
  57488,
  42303,
  65418,
  -41867,
  48310,
  -42944,
  39636,
  49362,
  52949,
  -2834,
  61369,
  -3030,
  53823,
  8022,
  -63795,
  39198,
  20668,
  -61110,
  -51669,
  39685,
  18215,
  1049,
  -26156,
  752,
  -54720,
  -29917,
  -45302,
  26233,
  -30514,
  -37579,
  -40398,
  -56790,
  -54427,
  -26055,
  -5642,
  15082,
  10350,
  4197,
  16338,
  -1982,
  -26604,
  19162,
  29619,
  48832,
  -23883,
  57883,
  -32334,
  40340,
  40389,
  31010,
  40509,
  -62993,
  -14173,
  57847,
  -26515,
  49811,
  -29912,
  -9013,
  -33389,
  46436,
  27491,
  -17968,
  -28381,
  -54912,
  -9360,
  50271,
  -54273,
  18732,
  36338,
  62551,
  6225,
  -12574,
  64036,
  -38373,
  6296,
  3170,
  57190,
  -29381,
  -62046,
  13864,
  -23131,
  44825,
  61439,
  60517,
  -34371,
  55445,
  -18159,
  51285,
  -17198,
  -20308,
  -51747,
  -48233,
  -63843,
  -20343,
  21121,
  29111,
  -7375,
  7369,
  27951,
  -52623,
  54727,
  -21899,
  65187,
  10284,
  -45515,
  63754,
  -25588,
  -63507,
  -11807,
  9012,
  201,
  63089,
  -25396,
  24806,
  13339,
  -5042,
  -14814,
  -16486,
  -18816,
  -61686,
  -63609,
  -49916,
  28133,
  -23168,
  -11930,
  7285,
  -22950,
  -1190,
  -4365,
  -20549,
  50780,
  38764,
  52565,
  -7275,
  6558,
  -7201,
  -18380,
  -60089,
  -12803,
  37163,
  -35341,
  -34549,
  44748,
  -55424,
  -20150,
  13708,
  -43427,
  -56053,
  -29432,
  43311,
  -48496,
  -12567,
  13917,
  -62599,
  -64764,
  -32076,
  45603,
  -57479,
  -56451,
  63177,
  8506,
  -40350,
  20102,
  45480,
  53126,
  -50363,
  61824,
  9841,
  63083,
  28314,
  -45927,
  -46121,
  20285,
  5885,
  35764,
  -295,
  44597,
  9466,
  14054,
  55876,
  -52348,
  4304,
  7622,
  -29551,
  20506,
  -57749,
  -49884,
  -32876,
  -33147,
  61747,
  15982,
  33924,
  2012,
  -32174,
  -36884,
  43104,
  14574,
  48228,
  34443,
  44067,
  -45251,
  -4458,
  7589,
  -15706,
  -19145,
  2455,
  -46376,
  1033,
  -43539,
  -35172,
  55579,
  -2642,
  -23904,
  -38999,
  -33237,
  37032,
  17417,
  -49176,
  23413,
  -64399,
  52835,
  -64175,
  -12697,
  -50502,
  -9708,
  -55996,
  23801,
  10002,
  42003,
  31504,
  37251,
  42308,
  23750,
  -43077,
  -47966,
  8778,
  -45383,
  38133,
  -27080,
  10617,
  -64250,
  21152,
  17571,
  -39149,
  -32737,
  -5665,
  -20325,
  58812,
  15090,
  52611,
  -47204,
  -16341,
  23413,
  9574,
  18662,
  -38953,
  37158,
  45452,
  13264,
  65451,
  27447,
  62197,
  63861,
  61486,
  -15853,
  -45660,
  -39132,
  51288,
  38517,
  -21267,
  24344,
  26557,
  -3950,
  -6511,
  36317,
  35579,
  29542,
  9174,
  47915,
  -10627,
  54148,
  -56078,
  -46236,
  8946,
  11695,
  12064,
  51980,
  32831,
  25346,
  51486,
  20347,
  20407,
  -29221,
  10960,
  15887,
  -64555,
  -51252,
  62573,
  61704,
  48132,
  2010,
  -45735,
  3181,
  29399,
  -65150,
  -58544,
  -57789,
  47839,
  63332,
  -62616,
  -55262,
  58812,
  -62145,
  42896,
  15605,
  21929,
  37536,
  20857,
  -11676,
  62391,
  50008,
  -56592,
  32128,
  26959,
  40193,
  -37961,
  54473,
  43559,
  47182,
  -3672,
  -40242,
  -30258,
  17196,
  -3041,
  41328,
  -24528,
  -18283,
  11222,
  42642,
  57270,
  15492,
  30691,
  -54134,
  34677,
  -332,
  -45810,
  -58895,
  -30117,
  17831,
  -1517,
  5846,
  1070,
  -12713,
  -26033,
  -37475,
  28562,
  33767,
  -45041,
  51695,
  -12563,
  10883,
  -10484,
  -54898,
  -21284,
  -62740,
  49810,
  -51836,
  36392,
  61790,
  59533,
  38322,
  31596,
  19679,
  -5170,
  -58860,
  -21000,
  49454,
  -62368,
  -42819,
  -23961,
  9336,
  -13688,
  61104,
  -61053,
  36728,
  -2408,
  -59690,
  57478,
  40919,
  -23080,
  3126,
  -58526,
  8524,
  59906,
  30945,
  52997,
  58559,
  4616,
  -49174,
  39258,
  37611,
  -6416,
  29337,
  -23111,
  16565,
  12904,
  -26627,
  10380,
  28772,
  -58156,
  11063,
  -26842,
  7311,
  11415,
  -14004,
  -45670,
  5309,
  -15737,
  12514,
  -61974,
  -9015,
  49900,
  59087,
  -9186,
  -13460,
  56770,
  12278,
  60094,
  -50215,
  -29024,
  -26276,
  9155,
  65455,
  -29310,
  -61581,
  9501,
  -64895,
  -21924,
  56072,
  -21289,
  -19130,
  -27645,
  -8669,
  25660,
  21368,
  -64283,
  14455,
  -65446,
  59882,
  8769,
  33204,
  -38498,
  -24565,
  -62964,
  26470,
  7213,
  -3979,
  -36901,
  44228,
  49512,
  -30997,
  -44451,
  11442,
  49030,
  -7135,
  16532,
  -61728,
  -16889,
  63241,
  -64446,
  59764,
  30651,
  43627,
  -53565,
  60694,
  13804,
  14528,
  65490,
  -42236,
  -39768,
  -18113,
  62955,
  12720,
  47791,
  -2831,
  48808,
  -58377,
  -51625,
  34718,
  -65042,
  -63731,
  44378,
  58195,
  46851,
  -3230,
  43300,
  57048,
  26953,
  7202,
  52381,
  607,
  34049,
  4347,
  12042,
  -12152,
  61257,
  24768,
  8106,
  14905,
  34127,
  5891,
  22494,
  -20744,
  53937,
  2414,
  56683,
  -26611,
  -26558,
  -1694,
  -38986,
  -25444,
  37885,
  -37074,
  -39150,
  13645,
  27639,
  -30263,
  -54491,
  49808,
  -60945,
  -47249,
  64572,
  47960,
  55517,
  -64933,
  -44462,
  7735,
  1153,
  32729,
  39290,
  -30730,
  38726,
  59475,
  31993,
  -1990,
  -27079,
  14304,
  36254,
  3173,
  5207,
  13249,
  -48319,
  -59189,
  17224,
  47906,
  36964,
  -29366,
  10269,
  1197,
  -49858,
  29646,
  12010,
  59414,
  4210,
  37147,
  56145,
  37214,
  -11671,
  -57776,
  10139,
  -58050,
  61918,
  43592,
  -8197,
  -26079,
  -2766,
  -11719,
  15957,
  43645,
  -6861,
  35443,
  -34551,
  -60181,
  -17246,
  -50026,
  -63191,
  10846,
  40332,
  -61441,
  -8944,
  -60325,
  21318,
  -44021,
  46045,
  51510,
  40818,
  -16181,
  56054,
  42199,
  -22046,
  52206,
  -26702,
  33073,
  32966,
  24138,
  21544,
  18472,
  39311,
  45450,
  -31111,
  49467,
  -55530,
  33080,
  -9816,
  -9554,
  13896,
  -46060,
  28082,
  2795,
  15381,
  47373,
  -10048,
  56158,
  -36832,
  -13084,
  -106,
  -60869,
  38395,
  35145,
  6541,
  -21158,
  9028,
  -15195,
  -15175,
  -42662,
  4889,
  10098,
  21389,
  6635,
  10113,
  -51524,
  -55033,
  50635,
  24017,
  22395,
  -11532,
  20504,
  63001,
  64844,
  2347,
  21995,
  47124,
  56573,
  -59871,
  20154,
  63431,
  12505,
  32971,
  -41732,
  -43021,
  -38329,
  4945,
  25840,
  33566,
  24091,
  44251,
  19408,
  -34228,
  26712,
  35086,
  43811,
  34650,
  -54634,
  -2051,
  -48756,
  -11029,
  52770,
  -17405,
  -4637,
  29879,
  -13592,
  5435,
  30976,
  44090,
  41218,
  10842,
  -56451,
  18133,
  -12655,
  39938,
  -7477,
  31237,
  44846,
  -61715,
  28113,
  -49631,
  -5720,
  -26360,
  -46911,
  -1243,
  1682,
  30760,
  60865,
  25025,
  55122,
  -3285,
  45108,
  -38804,
  -18869,
  36050,
  52592,
  -27144,
  -12777,
  -21565,
  -64830,
  56809,
  -43749,
  -28408,
  -54096,
  40349,
  41962,
  56649,
  -7892,
  -27609,
  -50575,
  27392,
  62244,
  -13639,
  -51491,
  -42888,
  -8705,
  23471,
  -33474,
  -64968,
  -34240,
  8124,
  -54789,
  24256,
  261,
  57988,
  8655,
  -39774,
  -53296,
  -35302,
  6610,
  56219,
  6163,
  8841,
  -43347,
  -47873,
  -35361,
  -23142,
  55316,
  -16156,
  -62676,
  -11497,
  29075,
  32030,
  -25314,
  34602,
  1783,
  -21572,
  62358,
  60986,
  39757,
  6428,
  -25478,
  -27070,
  30531,
  58294,
  -19393,
  -22243,
  43545,
  33060,
  -60010,
  22159,
  39440,
  -56532,
  53622,
  -65036,
  -28705,
  -15680,
  -44212,
  -31399,
  -41895,
  -57328,
  25354,
  -15028,
  -59943,
  -19263,
  36305,
  14139,
  48245,
  26305,
  -60990,
  -31483,
  38312,
  13309,
  40693,
  -15651,
  -40894,
  61267,
  -43388,
  63726,
  59125,
  12959,
  5531,
  37561,
  -45087,
  -33951,
  -24743,
  16371,
  15993,
  -11476,
  38745,
  -59304,
  -53171,
  -12607,
  -46163,
  32641,
  -54684,
  -24143,
  -47340,
  -58028,
  -14215,
  -1991,
  16969,
  54350,
  -19797,
  58627,
  -21565,
  29684,
  1280,
  31394,
  -53994,
  -2231,
  43533,
  2009,
  22571,
  60289,
  27099,
  48461,
  19749,
  25315,
  1904,
  52236,
  -19260,
  14460,
  26703,
  30208,
  -30197,
  -26038,
  -15283,
  22881,
  -44934,
  -32332,
  57075,
  25909,
  14250,
  38377,
  -38480,
  24528,
  -24630,
  53450,
  48565,
  -58804,
  -30466,
  64888,
  -28340,
  -57124,
  20592,
  47992,
  46538,
  17686,
  -59785,
  19737,
  59763,
  52205,
  45011,
  63477,
  64169,
  -13712,
  11724,
  34127,
  -60658,
  36349,
  -48771,
  60797,
  -50329,
  -41299,
  -55062,
  -25452,
  -23334,
  14430,
  -40446,
  46555,
  32352,
  -33972,
  57875,
  -29398,
  -63658,
  6654,
  47322,
  45730,
  5457,
  55926,
  -30331,
  43698,
  -13050,
  6533,
  22788,
  -44286,
  7488,
  23925,
  61600,
  26128,
  -13771,
  44811,
  -13135,
  45271,
  1611,
  3645,
  45293,
  12762,
  39852,
  5089,
  41079,
  -24572,
  14756,
  -1487,
  30120,
  -51674,
  48236,
  -48443,
  63852,
  -2042,
  -23663,
  12868,
  3440,
  52874,
  61303,
  16816,
  44982,
  -26137,
  -1585,
  64482,
  -22015,
  -31896,
  43604,
  -56109,
  64874,
  -32916,
  -21743,
  62657,
  -34661,
  11423,
  -17399,
  18053,
  -36609,
  -63293,
  37456,
  18663,
  51431,
  29703,
  8778,
  -41054,
  -42321,
  62879,
  -58253,
  48240,
  15448,
  -55010,
  47610,
  -35711,
  43915,
  2925,
  47634,
  -25601,
  -50560,
  308,
  -55479,
  -8104,
  -35087,
  -60646,
  6653,
  43704,
  -18160,
  -32450,
  13694,
  37515,
  -62359,
  -21045,
  54446,
  -24360,
  -52702,
  -3668,
  -1169,
  -49819,
  60481,
  -57594,
  -61968,
  -64255,
  -35623,
  -64789,
  -43271,
  -39876,
  -61354,
  29100,
  62981,
  -19706,
  -31820,
  -60349,
  -58885,
  4405,
  59411,
  -48799,
  -18582,
  16764,
  51958,
  -38618,
  -61864,
  58110,
  4862,
  4671,
  -56597,
  4102,
  -47417,
  -14356,
  -5985,
  23638,
  17681,
  29990,
  64725,
  -61240,
  -28255,
  -62671,
  5744,
  -19850,
  -36401,
  -56418,
  49056,
  -25972,
  5965,
  -40370,
  -39631,
  57614,
  47906,
  -3905,
  -14962,
  -51870,
  45227,
  50606,
  35530,
  19358,
  19939,
  -9315,
  -3714,
  63356,
  49750,
  52132,
  -52613,
  -1020,
  40214,
  15274,
  14201,
  65411,
  42661,
  62033,
  42026,
  10785,
  -23188,
  20165,
  -333,
  27774,
  -2473,
  -54191,
  -31972,
  -28651,
  -21074,
  -45978,
  -22853,
  -56189,
  54334,
  57502,
  62689,
  -24667,
  59909,
  20921,
  -10961,
  -51873,
  -27387,
  504,
  25064,
  -35868,
  -28673,
  53274,
  58585,
  -55327,
  33550,
  -4373,
  -49655,
  49051,
  63900,
  -25018,
  2440,
  6838,
  1759,
  9506,
  -56860,
  -8200,
  -32692,
  -29067,
  -46229,
  49531,
  -17403,
  59515,
  23857,
  -62143,
  -49253,
  51306,
  35722,
  -47669,
  -18502,
  7696,
  -9057,
  -8833,
  -2275,
  -54666,
  42942,
  9238,
  -3483,
  46532,
  -25178,
  -57735,
  -18440,
  -17354,
  44755,
  -19832,
  -63025,
  -60926,
  -26571,
  55423,
  -51967,
  36521,
  50012,
  55423,
  55935,
  -29101,
  -25438,
  51728,
  37581,
  -55875,
  -5293,
  -35663,
  50415,
  13800,
  -19626,
  -20844,
  -41448,
  45154,
  52609,
  -30727,
  56270,
  25041,
  -47766,
  -51974,
  63301,
  -8654,
  14017,
  15758,
  51801,
  -57049,
  -6899,
  35409,
  -8897,
  27542,
  -54879,
  -1751,
  59027,
  -54059,
  -40027,
  -15943,
  -53017,
  -33244,
  27663,
  -37773,
  -62720,
  56196,
  44298,
  -50940,
  24921,
  -53125,
  -31996,
  -16167,
  -11359,
  25423,
  -24088,
  41254,
  4236,
  -8746,
  18861,
  969,
  14392,
  55822,
  57580,
  -27501,
  -14299,
  44444,
  57142,
  7147,
  44323,
  -47397,
  -59525,
  -53836,
  64508,
  -35312,
  -19566,
  7912,
  9153,
  -60454,
  27952,
  -50820,
  18002,
  21900,
  -58438,
  -29948,
  -45334,
  18846,
  14732,
  -63335,
  -59961,
  5118,
  -51755,
  46379,
  -51588,
  -62105,
  -62585,
  -45371,
  -39506,
  -59774,
  -30878,
  -43665,
  57711,
  -15656,
  -23662,
  -38763,
  15992,
  -44222,
  47971,
  -2188,
  50114,
  -28387,
  14153,
  42071,
  -25850,
  -45149,
  -27410,
  -23578,
  -8646,
  -43305,
  5039,
  -6885,
  -45920,
  58266,
  41675,
  29746,
  22301,
  -26783,
  32054,
  54775,
  -53588,
  56929,
  -30446,
  -44535,
  48820,
  -43385,
  36829,
  -9962,
  53820,
  -10242,
  63400,
  -8651,
  -64433,
  -5771,
  51101,
  -52027,
  -51757,
  48735,
  21388,
  -19976,
  -44987,
  36722,
  38281,
  38744,
  617,
  -14538,
  7661,
  -13803,
  -45068,
  -30299,
  55621,
  -5487,
  -63309,
  -15878,
  -35306,
  -60299,
  38816,
  -17329,
  -36313,
  -44244,
  12491,
  -39045,
  -52745,
  -32145,
  -62790,
  -33807,
  -50802,
  28125,
  20576,
  -43856,
  6113,
  -57562,
  -17741,
  -47151,
  41867,
  42337,
  -46052,
  1929,
  2645,
  -40797,
  -41602,
  -45181,
  9987,
  -46879,
  53280,
  -59986,
  18837,
  -21551,
  19165,
  29876,
  -43311,
  26410,
  -41212,
  60164,
  575,
  -2370,
  54096,
  -36102,
  -25569,
  -42812,
  17227,
  -4293,
  -52082,
  -16105,
  -2052,
  -62263,
  18695,
  -8065,
  -23369,
  -58126,
  -56415,
  -24908,
  56647,
  13410,
  39016,
  8733,
  -27993,
  -35785,
  44842,
  53639,
  -8887,
  64860,
  -15489,
  34601,
  60444,
  -11388,
  -64070,
  16074,
  -17994,
  -15048,
  41339,
  -20129,
  -54523,
  54985,
  18651,
  9932,
  -58153,
  -6326,
  -22668,
  -52964,
  -26177,
  28368,
  -35066,
  -56012,
  -19782,
  -32519,
  6750,
  -22319,
  -19268,
  -43347,
  -37692,
  16481,
  58313,
  26859,
  38797,
  -46431,
  -2881,
  6269,
  31965,
  34232,
  38300,
  -17629,
  -4754,
  40822,
  40394,
  8399,
  64126,
  -26069,
  -5477,
  -16772,
  -47858,
  -55604,
  47007,
  -14818,
  -6072,
  -49420,
  -64631,
  11722,
  9628,
  -35605,
  7964,
  -8835,
  -3469,
  38108,
  -49432,
  12038,
  36641,
  -22431,
  9165,
  -24905,
  -34177,
  64860,
  18072,
  -804,
  -30652,
  31300,
  -55004,
  40319,
  -7492,
  45261,
  -1936,
  7920,
  -53973,
  34801,
  17251,
  -17649,
  58685,
  59126,
  -38683,
  43238,
  25630,
  -10425,
  44506,
  -32882,
  -31342,
  -11472,
  32771,
  40142,
  13524,
  14528,
  61867,
  51362,
  42723,
  -55335,
  -24397,
  -62145,
  37403,
  -34995,
  14935,
  -40874,
  -1662,
  19884,
  -9832,
  -2083,
  -5927,
  2056,
  -603,
  17352,
  62707,
  5712,
  42930,
  33299,
  60865,
  -18066,
  38241,
  34944,
  25916,
  -23834,
  9201,
  -32083,
  -26961,
  -23074,
  -63480,
  42662,
  454,
  -34504,
  56174,
  1182,
  30888,
  -50595,
  -60492,
  -40115,
  -14004,
  -37909,
  45076,
  -58551,
  -33924,
  -53009,
  53919,
  33043,
  26194,
  -7722,
  -36349,
  35165,
  -62204,
  -20869,
  -49911,
  33279,
  -41715,
  -17825,
  38793,
  -1117,
  -13498,
  39925,
  -18195,
  34705,
  57707,
  -13301,
  -26908,
  -23302,
  2554,
  -58393,
  -39587,
  -47322,
  -13497,
  58228,
  -43867,
  17883,
  -36299,
  20046,
  41693,
  -3781,
  43486,
  63237,
  29797,
  -42058,
  54269,
  19759,
  -17070,
  1995,
  28533,
  -29657,
  -51962,
  -625,
  27699,
  -57079,
  -18754,
  44826,
  -4581,
  5915,
  18258,
  45979,
  8114,
  34117,
  -52982,
  62296,
  -57932,
  18288,
  -32472,
  36211,
  -25059,
  25057,
  -61135,
  -51604,
  -39661,
  32749,
  -8230,
  -46366,
  8359,
  37665,
  28280,
  6504,
  34014,
  24547,
  31975,
  -20267,
  -33098,
  22288,
  26983,
  11901,
  -38665,
  -64187,
  -27108,
  40066,
  57553,
  33010,
  -37788,
  -51180,
  -38210,
  61989,
  -42026,
  19714,
  12656,
  56922,
  -61794,
  -35978,
  32889,
  -26777,
  -61363,
  -58719,
  -53460,
  -621,
  -35620,
  -22240,
  -47084,
  -24520,
  -32783,
  -50939,
  -2645,
  -63806,
  37671,
  24360,
  54813,
  -50757,
  44992,
  -22218,
  -19631,
  -56823,
  48412,
  10156,
  18482,
  -25302,
  6560,
  -60254,
  -54276,
  44384,
  -55603,
  -41412,
  -4145,
  -33485,
  41080,
  -49254,
  9084,
  -31105,
  -8807,
  64598,
  -29542,
  -50983,
  13936,
  -7293,
  61173,
  43829,
  -27733,
  52270,
  -52065,
  -51802,
  -18041,
  18987,
  -45559,
  -35091,
  -33110,
  -4554,
  53260,
  60386,
  -29338,
  -41139,
  -22264,
  -61636,
  6422,
  31983,
  43651,
  -46628,
  27273,
  -34358,
  44384,
  -56983,
  62175,
  -65070,
  -58316,
  54066,
  58266,
  -41951,
  -61807,
  -32106,
  21808,
  -14514,
  -45162,
  15774,
  -15431,
  -58416,
  -28187,
  6088,
  48425,
  59823,
  -54807,
  -9092,
  32262,
  10139,
  25058,
  11074,
  16459,
  -48333,
  -63082,
  54187,
  -8900,
  -56396,
  53205,
  38418,
  41723,
  49791,
  60100,
  26435,
  48590,
  61181,
  -16928,
  23344,
  58856,
  -27086,
  -32184,
  -21930,
  -14403,
  -55010,
  -10869,
  7737,
  -22719,
  -19125,
  21480,
  -53429,
  -24938,
  -28198,
  -48541,
  -5461,
  34062,
  -45550,
  44072,
  -33507,
  50387,
  -24219,
  44648,
  2055,
  -6896,
  61945,
  26362,
  -34323,
  1894,
  5702,
  -31700,
  29581,
  -17433,
  56694,
  13922,
  -48764,
  16246,
  -20335,
  28667,
  -45232,
  -19442,
  -40701,
  -4432,
  -23307,
  -50856,
  48805,
  -49370,
  25603,
  26629,
  24395,
  -46868,
  19556,
  -350,
  -47094,
  -1135,
  -20878,
  -14264,
  50239,
  -4067,
  -46181,
  -59949,
  -59671,
  -32590,
  -15207,
  65015,
  -17953,
  16772,
  32144,
  22626,
  -21015,
  -60388,
  -22531,
  -51989,
  -22077,
  3490,
  43996,
  -62665,
  56020,
  -42761,
  -5509,
  -38588,
  -56546,
  23855,
  -2965,
  -41204,
  -27207,
  -16522,
  -11272,
  -56008,
  -34045,
  -37065,
  21484,
  -41012,
  -53984,
  -58647,
  58761,
  53542,
  40085,
  61104,
  21256,
  -17046,
  -31264,
  -38391,
  -26461,
  14145,
  -35634,
  12936,
  -51374,
  -54004,
  10795,
  -35995,
  29282,
  -3691,
  -10830,
  11712,
  -48703,
  -59533,
  -11921,
  -5631,
  26309,
  -41124,
  -9648,
  -53574,
  -57792,
  63777,
  -48304,
  35447,
  8272,
  40410,
  -17737,
  49943,
  33281,
  -39788,
  42688,
  -22740,
  27183,
  -1329,
  -44207,
  44595,
  61806,
  6121,
  -12811,
  31385,
  25723,
  31696,
  -55438,
  -39171,
  -53241,
  -40099,
  37502,
  10638,
  25128,
  -45604,
  22359,
  -49573,
  -23734,
  -35201,
  8178,
  47673,
  31242,
  -64714,
  6209,
  8969,
  45446,
  24929,
  36377,
  -1134,
  -43633,
  41604,
  -60804,
  -35298,
  19534,
  -47144,
  40212,
  22764,
  28901,
  -9873,
  11892,
  38524,
  -65434,
  -17464,
  64146,
  -35669,
  -2759,
  -10111,
  -61154,
  -12751,
  3145,
  -49223,
  51719,
  32914,
  -44694,
  -52911,
  -19104,
  14664,
  24687,
  -55737,
  47178,
  -48237,
  17462,
  16597,
  20809,
  27361,
  -30899,
  39120,
  32484,
  62465,
  19366,
  33517,
  -60218,
  -12914,
  5180,
  45611,
  -10200,
  1831,
  -30107,
  -41055,
  -7593,
  29836,
  61640,
  35783,
  -46080,
  -33029,
  51923,
  53979,
  48004,
  -64987,
  9926,
  -59770,
  -25309,
  -17569,
  49626,
  -38449,
  5985,
  -214,
  -17260,
  -37869,
  -45342,
  -36586,
  10,
  -63483,
  40401,
  -33987,
  -18220,
  -60711,
  19176,
  60365,
  60670,
  4211,
  -63117,
  -25125,
  51239,
  9355,
  -42703,
  34285,
  16002,
  -15894,
  56013,
  31708,
  -15067,
  -1875,
  38188,
  -6587,
  39206,
  43269,
  49920,
  6941,
  51742,
  44006,
  -51031,
  6029,
  -26270,
  -34164,
  48941,
  -30824,
  -37493,
  46781,
  35518,
  57392,
  59995,
  31174,
  -55471,
  5711,
  20122,
  -40624,
  -125,
  -51418,
  20766,
  -47710,
  20848,
  45814,
  -53123,
  -43882,
  -31910,
  -40141,
  40698,
  -59028,
  2446,
  -31481,
  -9392,
  -35233,
  39561,
  14880,
  280,
  -29004,
  -15745,
  4299,
  -39093,
  -1479,
  64330,
  -29111,
  -42986,
  25371,
  9835,
  65017,
  -30893,
  697,
  -27285,
  -41037,
  -3193,
  17519,
  -26284,
  24256,
  21099,
  18555,
  31179,
  2510,
  -28109,
  -29762,
  -58083,
  -47997,
  -45131,
  20001,
  -52905,
  15109,
  -40364,
  -48914,
  63385,
  55322,
  -34116,
  -10212,
  15319,
  292,
  34501,
  36990,
  -32516,
  50654,
  -64679,
  41705,
  -38549,
  -65452,
  -59177,
  -44294,
  -2767,
  -6474,
  -8597,
  4978,
  47125,
  -302,
  15592,
  29040,
  2032,
  15912,
  -34299,
  22280,
  55885,
  32927,
  -60215,
  54393,
  -487,
  -6613,
  -50427,
  26546,
  57709,
  -51355,
  -17744,
  -55509,
  16929,
  -54327,
  51943,
  -18635,
  -35922,
  -25551,
  -64282,
  -59439,
  62599,
  -64544,
  -5710,
  14303,
  58538,
  26931,
  25141,
  30720,
  65202,
  -64712,
  15083,
  -52932,
  -39963,
  -4708,
  39158,
  32946,
  23074,
  -21085,
  -34729,
  24624,
  10559,
  564,
  -38684,
  -52510,
  22727,
  53343,
  -43552,
  6990,
  -18825,
  43462,
  -37530,
  -64748,
  -15691,
  -42623,
  -22756,
  58013,
  22739,
  37526,
  6115,
  25710,
  -51107,
  30354,
  4139,
  51921,
  6562,
  34054,
  56030,
  11275,
  -4280,
  5038,
  44218,
  -40849,
  -61630,
  -58443,
  -52577,
  24883,
  -44495,
  8961,
  -35640,
  36010,
  -1184,
  23282,
  28353,
  54984,
  43969,
  20404,
  10126,
  22056,
  -29435,
  25514,
  62234,
  45887,
  4267,
  -2892,
  -60494,
  57910,
  15436,
  42745,
  11994,
  39313,
  -14440,
  29108,
  -38211,
  60023,
  57691,
  23584,
  -6538,
  50898,
  -15350,
  -59800,
  46191,
  34418,
  36720,
  46911,
  30448,
  -29347,
  -16226,
  -4459,
  1436,
  -57815,
  -36513,
  -14794,
  62742,
  -33435,
  -16769,
  13150,
  22362,
  53506,
  51393,
  -32081,
  3524,
  19478,
  41676,
  20361,
  -60656,
  -15982,
  -59637,
  39590,
  -23297,
  -59816,
  38632,
  -21663,
  53201,
  50472,
  -52591,
  -2408,
  -59347,
  2188,
  55996,
  62,
  60139,
  15586,
  53684,
  53032,
  -36801,
  388,
  34189,
  -28845,
  19769,
  30127,
  -31946,
  -45649,
  33712,
  23985,
  29162,
  -45607,
  -43242,
  58154,
  52837,
  -24644,
  -8044,
  -32670,
  56075,
  23176,
  -17229,
  -51709,
  34243,
  18270,
  14031,
  3840,
  -58800,
  52806,
  29019,
  58274,
  4649,
  -55543,
  46696,
  -37631,
  -15335,
  -64547,
  -58602,
  -44382,
  -21186,
  13463,
  60516,
  17856,
  15517,
  -6074,
  47248,
  -41755,
  -35404,
  38365,
  53870,
  38698,
  63734,
  28881,
  -16863,
  -41811,
  8919,
  -29100,
  9186,
  -14755,
  47596,
  32304,
  62814,
  5275,
  17062,
  44368,
  3817,
  -36403,
  -33591,
  53223,
  2787,
  -43662,
  59670,
  29699,
  1537,
  26068,
  -6874,
  -52217,
  21918,
  -33516,
  36067,
  57531,
  2730,
  2775,
  -36702,
  37978,
  55539,
  20329,
  8511,
  -3131,
  -14273,
  -41727,
  5731,
  28493,
  -50268,
  8147,
  -55551,
  20563,
  -40777,
  27541,
  65087,
  53611,
  44382,
  -10725,
  -34674,
  46557,
  2878,
  -30597,
  -2637,
  27534,
  58646,
  -38833,
  -43909,
  -24938,
  54278,
  -53249,
  -10954,
  -46684,
  -31551,
  -4946,
  -32248,
  39089,
  40518,
  14484,
  -51974,
  47731,
  -45084,
  -19965,
  54431,
  -43164,
  -35318,
  51036,
  10462,
  27936,
  -33195,
  34669,
  25760,
  -42543,
  -47664,
  -10928,
  64167,
  24713,
  -43023,
  -64888,
  2741,
  51663,
  -19116,
  11311,
  703,
  15895,
  -1831,
  22321,
  29606,
  -16299,
  -47013,
  -3560,
  -55055,
  37724,
  -6397,
  -37320,
  35484,
  25544,
  -62681,
  44029,
  56233,
  61622,
  -35528,
  -64105,
  -58569,
  26734,
  14827,
  29062,
  -19988,
  36287,
  -53062,
  -6397,
  15906,
  33576,
  -33954,
  -57318,
  -30813,
  -29317,
  58379,
  -34208,
  -23947,
  -33963,
  11723,
  38231,
  32147,
  48923,
  63640,
  49217,
  46324,
  50169,
  -42319,
  32289,
  -40827,
  -49223,
  -65287,
  38886,
  49774,
  50007,
  63031,
  26828,
  -57552,
  -6410,
  -5622,
  8036,
  -4886,
  -24067,
  -4976,
  29417,
  57943,
  36842,
  -55760,
  54261,
  11205,
  -12952,
  3018,
  -55670,
  52219,
  -12682,
  52511,
  51878,
  29104,
  41866,
  -33524,
  57239,
  -30558,
  -21673,
  -15132,
  -37388,
  -19550,
  -19177,
  -29686,
  -21019,
  -7030,
  1651,
  -2040,
  12783,
  -17820,
  52952,
  -22432,
  1031,
  63338,
  -36534,
  27748,
  11334,
  -36902,
  24197,
  1105,
  55458,
  -2423,
  -62360,
  20706,
  -36672,
  -57368,
  9439,
  -54508,
  30165,
  -34908,
  32490,
  -14466,
  -64892,
  -55279,
  -23803,
  6068,
  -45265,
  8444,
  9263,
  63126,
  -949,
  -6280,
  33691,
  65516,
  34501,
  26634,
  9776,
  -43748,
  18589,
  -55853,
  46106,
  -54560,
  -34641,
  40759,
  17056,
  41415,
  -33079,
  -9471,
  20292,
  -26316,
  55117,
  -29594,
  6929,
  -12271,
  -38517,
  -48324,
  59214,
  -36984,
  -8183,
  -62487,
  -65308,
  4328,
  -39815,
  -36616,
  50948,
  -32845,
  -64363,
  -63487,
  40794,
  -1412,
  -54805,
  47166,
  -52860,
  -41196,
  -8609,
  18012,
  31046,
  -36541,
  -8510,
  39348,
  -37605,
  54972,
  30425,
  48566,
  6499,
  61809,
  22816,
  21335,
  -35429,
  -45115,
  14729,
  26729,
  17904,
  -18152,
  -48424,
  55360,
  -35055,
  -6791,
  -18049,
  12108,
  49102,
  36548,
  -22686,
  42705,
  21805,
  32807,
  57058,
  9377,
  14672,
  -22082,
  40259,
  47638,
  -33049,
  39446,
  64585,
  -42073,
  6590,
  -55216,
  36951,
  -43050,
  -5510,
  -29866,
  -52763,
  -56309,
  52670,
  -65212,
  -50766,
  12024,
  59402,
  5228,
  14902,
  10501,
  42966,
  -48708,
  53954,
  -39259,
  -34082,
  -51574,
  30335,
  -31090,
  40898,
  22983,
  -7304,
  -4579,
  43690,
  20161,
  -60509,
  10177,
  -27723,
  -11602,
  31773,
  -59842,
  34861,
  20286,
  55581,
  -47712,
  13796,
  15212,
  -20660,
  -52632,
  -64372,
  -39921,
  -26188,
  -54609,
  -61814,
  -44735,
  -23390,
  -44271,
  60888,
  -61451,
  33817,
  -23878,
  51687,
  -30077,
  -20832,
  -44976,
  -61817,
  22047,
  27529,
  18197,
  27210,
  -46656,
  51653,
  4571,
  23287,
  55455,
  -17962,
  21505,
  6676,
  -50337,
  -36542,
  53764,
  39542,
  -45921,
  -55489,
  -63394,
  -15499,
  33791,
  -37925,
  1787,
  36422,
  -46724,
  -28086,
  3485,
  28643,
  -18997,
  -41954,
  -48352,
  -46961,
  -37535,
  41758,
  -5380,
  -42296,
  -54229,
  14194,
  49985,
  -49919,
  -30576,
  -32594,
  42321,
  -62415,
  -50864,
  -11968,
  -8989,
  -25919,
  20136,
  -7154,
  -27009,
  -14109,
  9905,
  21017,
  -23506,
  567,
  25766,
  5702,
  45104,
  148,
  -64091,
  59014,
  5000,
  62910,
  1126,
  -29516,
  65506,
  10593,
  -7184,
  -56965,
  -27790,
  56598,
  3422,
  46493,
  -56576,
  18537,
  -31236,
  27272,
  24647,
  -29364,
  9668,
  62567,
  20124,
  -42011,
  28486,
  45315,
  -32904,
  -53574,
  -26961,
  50425,
  -25443,
  32762,
  -25390,
  53363,
  -42415,
  34042,
  -11383,
  -52192,
  47506,
  -26873,
  -52856,
  -57520,
  -38149,
  -19268,
  -6444,
  -41171,
  -43557,
  -56101,
  27644,
  64686,
  -22609,
  -60960,
  63905,
  -48681,
  53171,
  -60160,
  -39647,
  665,
  -50024,
  -5703,
  -10366,
  23684,
  -56736,
  -11703,
  62519,
  -2051,
  61846,
  -47312,
  916,
  28282,
  -54114,
  -53170,
  5140,
  -12199,
  -8488,
  30730,
  52488,
  -58145,
  18248,
  -21481,
  -25356,
  -46295,
  -28569,
  -60881,
  39158,
  -42655,
  -44101,
  -10679,
  2806,
  3543,
  -50867,
  -33996,
  -33966,
  35171,
  -17378,
  -4154,
  -64134,
  29735,
  -40569,
  23933,
  -57334,
  57125,
  -79,
  39748,
  -44666,
  -50443,
  61681,
  -11445,
  -57638,
  -25820,
  -5732,
  -58443,
  -5182,
  -56338,
  35669,
  26612,
  -16350,
  17017,
  55347,
  -54043,
  7629,
  -48590,
  60429,
  -59299,
  51165,
  -62614,
  -4469,
  36601,
  64847,
  -24594,
  33000,
  -37784,
  -33386,
  -18570,
  31508,
  57650,
  35123,
  30632,
  6941,
  58584,
  -15502,
  -47374,
  -14017,
  7422,
  -3512,
  46696,
  9382,
  62674,
  9181,
  -19657,
  -17950,
  -28894,
  -11444,
  1002,
  -16875,
  -46665,
  -35229,
  12839,
  -17661,
  53186,
  -39638,
  7728,
  -19066,
  63626,
  30973,
  -16725,
  49635,
  37142,
  60699,
  3397,
  -10111,
  -17504,
  38827,
  42610,
  14557,
  -29950,
  63026,
  28581,
  -38932,
  -2172,
  51801,
  -41170,
  -3278,
  28988,
  20378,
  39649,
  5901,
  -29092,
  -9908,
  49715,
  -37073,
  18613,
  -1731,
  -1790,
  7263,
  -25871,
  58221,
  -57418,
  43699,
  32395,
  -28738,
  51496,
  -62106,
  43746,
  -13906,
  -47985,
  -18837,
  -65476,
  -25253,
  -25204,
  16814,
  62532,
  -47565,
  52968,
  47292,
  26471,
  62282,
  -21017,
  33025,
  -5973,
  29376,
  -55911,
  18343,
  10945,
  1218,
  32112,
  -54870,
  38047,
  -28907,
  -51086,
  27288,
  -1414,
  -6779,
  -42385,
  21307,
  -15974,
  -58951,
  -60192,
  13345,
  -10440,
  -6790,
  -50774,
  40984,
  12407,
  7057,
  18923,
  -35118,
  -17814,
  4682,
  -54688,
  39024,
  -59015,
  49442,
  -47814,
  28503,
  -37011,
  4517,
  -56055,
  12664,
  -30248,
  -32779,
  -2511,
  -65197,
  -11820,
  21792,
  25717,
  57723,
  -15968,
  29124,
  46466,
  -60430,
  -38681,
  64111,
  -4340,
  -38093,
  3606,
  -60983,
  809,
  -2547,
  58790,
  -26908,
  -41033,
  2541,
  59997,
  -8689,
  55780,
  51138,
  46709,
  7046,
  5323,
  61260,
  14067,
  -41361,
  61099,
  -63761,
  -21002,
  -38561,
  35124,
  -46969,
  64826,
  22888,
  29396,
  -32407,
  14224,
  51462,
  -63977,
  -8618,
  -25098,
  -32468,
  -20481,
  -58916,
  -4186,
  42564,
  50971,
  -54818,
  -25205,
  -32140,
  11883,
  -46698,
  60152,
  -53556,
  -20142,
  -22950,
  7347,
  49223,
  22899,
  58700,
  40669,
  9714,
  19975,
  60105,
  42488,
  -24909,
  -63873,
  -37123,
  39738,
  13014,
  -33734,
  31316,
  -9763,
  -10456,
  54677,
  63189,
  -58355,
  42730,
  55370,
  -7475,
  -23854,
  -55936,
  37741,
  51329,
  -16207,
  2351,
  29391,
  -22857,
  -24237,
  -4433,
  -40977,
  31636,
  -25780,
  60199,
  -37196,
  -13158,
  445,
  -43729,
  5169,
  -4697,
  71,
  -23267,
  9759,
  -41616,
  57482,
  -35043,
  28703,
  49778,
  31194,
  -58466,
  35934,
  13252,
  11513,
  -1328,
  -45240,
  -12940,
  51192,
  -26186,
  4810,
  -59438,
  58985,
  -6509,
  -16226,
  -5119,
  -57832,
  44610,
  2313,
  53473,
  47587,
  -26478,
  -27280,
  31674,
  53383,
  -4322,
  48400,
  -41246,
  -17167,
  -3349,
  6319,
  14827,
  -17020,
  -17108,
  4705,
  40553,
  -24118,
  6362,
  16949,
  24120,
  -59858,
  -47411,
  -24112,
  12069,
  -43833,
  55178,
  3920,
  16725,
  38072,
  62607,
  -13966,
  38795,
  -63370,
  -46644,
  -38546,
  -20249,
  -62559,
  -27565,
  -65096,
  43016,
  45572,
  -43039,
  20147,
  -27172,
  -19935,
  23095,
  -14479,
  -19147,
  28299,
  12106,
  -37803,
  -11839,
  42127,
  7041,
  -4672,
  8141,
  53120,
  -39739,
  -21917,
  20260,
  24952,
  12408,
  -6589,
  642,
  -12484,
  30739,
  -6489,
  42614,
  -31190,
  -25642,
  -34703,
  52160,
  60572,
  18337,
  4339,
  18843,
  -32183,
  -48892,
  -3858,
  -55388,
  49142,
  3361,
  64707,
  -24890,
  13850,
  29863,
  -39632,
  46456,
  50022,
  -8104,
  -46644,
  35781,
  62834,
  46381,
  -47797,
  3019,
  38854,
  -43089,
  -61856,
  -17643,
  -12096,
  -4888,
  -22443,
  29042,
  -1538,
  -31634,
  -21345,
  -39649,
  54218,
  61828,
  -20544,
  -40699,
  -10335,
  3923,
  -20512,
  -40530,
  25457,
  836,
  33108,
  -49660,
  49206,
  17765,
  -64954,
  4334,
  48909,
  -6655,
  -323,
  59396,
  -33434,
  19845,
  35524,
  -11863,
  9698,
  12046,
  -65323,
  54409,
  -50229,
  -42703,
  -34800,
  -31467,
  -5290,
  56374,
  -37454,
  2409,
  18871,
  47697,
  -8315,
  437,
  -9523,
  19708,
  -25041,
  -54990,
  63626,
  47445,
  -36443,
  -30961,
  32217,
  -11969,
  -20481,
  3330,
  -42163,
  54910,
  45223,
  48944,
  56638,
  -19316,
  -55214,
  -50263,
  32320,
  50488,
  58774,
  30386,
  51633,
  34830,
  -40657,
  56546,
  -1115,
  -21719,
  16761,
  39665,
  -4266,
  28338,
  3185,
  28151,
  21290,
  -39967,
  -23174,
  -41318,
  -63236,
  24764,
  -23237,
  28268,
  -2899,
  7302,
  -34560,
  36489,
  -6518,
  19956,
  -52032,
  55264,
  53653,
  -58508,
  -48990,
  45458,
  40080,
  -19261,
  16859,
  35570,
  48909,
  -35409,
  -58913,
  -1143,
  -421,
  62805,
  40985,
  52707,
  13973,
  36384,
  -28805,
  -38578,
  324,
  22871,
  27526,
  45905,
  49704,
  -44895,
  29232,
  -46833,
  -57984,
  15838,
  -61935,
  -1472,
  24859,
  62749,
  20202,
  23787,
  -25705,
  -41368,
  -47398,
  -13685,
  -40063,
  30655,
  -59227,
  -12447,
  -16823,
  -39650,
  -44257,
  -24372,
  -13816,
  18430,
  -40955,
  2126,
  -17483,
  -63037,
  10879,
  -23330,
  -9141,
  43984,
  4078,
  10061,
  62194,
  -7520,
  41313,
  45390,
  61952,
  -12360,
  23224,
  -43448,
  41229,
  -57161,
  -9740,
  23418,
  -63895,
  -37993,
  -26788,
  15867,
  26481,
  4103,
  4176,
  32417,
  -18464,
  -5465,
  -34001,
  13511,
  -15194,
  -38472,
  34661,
  25946,
  33466,
  -34680,
  -34902,
  13550,
  59649,
  -16119,
  14886,
  -44364,
  -39195,
  -14995,
  25641,
  1310,
  35072,
  2743,
  7427,
  -7953,
  -29781,
  34207,
  46381,
  3858,
  -64921,
  -51470,
  53646,
  -33063,
  35552,
  17482,
  -18411,
  -7844,
  -25924,
  -2314,
  -31871,
  47122,
  12424,
  23654,
  -15739,
  64242,
  40377,
  -50135,
  -49003,
  55852,
  18210,
  -4806,
  20552,
  -41347,
  596,
  1477,
  36726,
  -30848,
  51815,
  35676,
  16568,
  46843,
  49521,
  38110,
  42624,
  6509,
  13724,
  52543,
  64102,
  -63691,
  62166,
  34047,
  10471,
  36204,
  41957,
  11279,
  50539,
  -1935,
  -46089,
  -37796,
  -9608,
  40633,
  63445,
  32676,
  29736,
  1108,
  60191,
  -4133,
  -33497,
  -49195,
  47449,
  39340,
  396,
  -31251,
  -8397,
  35574,
  50857,
  35012,
  -29702,
  -21051,
  38672,
  2493,
  18626,
  -33626,
  47927,
  -45227,
  -47755,
  54404,
  26969,
  -33665,
  9454,
  -59219,
  -43789,
  -65493,
  29552,
  9232,
  -54094,
  33812,
  -9475,
  -52361,
  -2860,
  19837,
  51221,
  41213,
  34752,
  -64572,
  42396,
  53804,
  21599,
  -11818,
  -14012,
  19674,
  62974,
  -62978,
  3979,
  -12314,
  -64271,
  -17642,
  -44251,
  35487,
  -24851,
  -9780,
  -45107,
  49905,
  -59981,
  -41169,
  -32118,
  17216,
  35450,
  -14119,
  -5312,
  -13425,
  -37333,
  40527,
  -31082,
  -30347,
  -14944,
  14033,
  -33618,
  33317,
  -50819,
  51788,
  36804,
  -4634,
  -8353,
  9182,
  49636,
  -14047,
  -28968,
  22030,
  -45876,
  -40970,
  -41296,
  -51889,
  -15144,
  12021,
  35144,
  43184,
  -20804,
  -58971,
  -27759,
  22081,
  -11997,
  -29681,
  -9974,
  -48506,
  45492,
  39844,
  27543,
  54531,
  -28803,
  34246,
  -23258,
  -45639,
  -9562,
  -56481,
  30364,
  -56110,
  57766,
  -21938,
  -13750,
  6058,
  47555,
  3090,
  -1767,
  1285,
  -38588,
  -60665,
  24592,
  65533,
  19640,
  -15027,
  10741,
  18168,
  -5824,
  -36091,
  27909,
  -38871,
  -21173,
  -40115,
  10519,
  6306,
  28277,
  -50844,
  11361,
  -44267,
  58409,
  -50532,
  62090,
  2923,
  -41530,
  48479,
  -9340,
  -47540,
  -12580,
  33683,
  -57506,
  -28523,
  63177,
  14384,
  -45587,
  49736,
  -28756,
  -35942,
  11594,
  -27639,
  -26178,
  61726,
  1257,
  -535,
  -19866,
  -22445,
  -54943,
  40598,
  -39564,
  47348,
  -60723,
  62417,
  64052,
  13780,
  -5595,
  -30212,
  -59906,
  -65256,
  23200,
  -2562,
  -16173,
  4268,
  -35679,
  48574,
  -16306,
  -31337,
  -10323,
  31010,
  35633,
  31184,
  44654,
  33079,
  -43811,
  -62305,
  40196,
  34882,
  -63930,
  40604,
  -53448,
  442,
  -47872,
  33046,
  -26413,
  50648,
  -59538,
  -2374,
  10814,
  38153,
  -61977,
  -63899,
  45224,
  9082,
  -43392,
  -50101,
  3928,
  42633,
  -56933,
  -29495,
  -14784,
  24212,
  50869,
  -39949,
  -60705,
  20681,
  -24269,
  24391,
  -3304,
  -31400,
  53248,
  17677,
  39740,
  9983,
  -5682,
  -44040,
  -49806,
  6166,
  -16917,
  -45010,
  36848,
  -1949,
  54060,
  -61591,
  13324,
  -14652,
  -15309,
  -3191,
  50789,
  -65518,
  63955,
  13798,
  -2333,
  39093,
  37889,
  -8942,
  -19744,
  -62641,
  64701,
  -17136,
  -50150,
  -49503,
  -56421,
  -24480,
  13557,
  27829,
  -51855,
  27150,
  53325,
  -16917,
  18545,
  27965,
  -53180,
  78,
  -37816,
  -6768,
  -511,
  -10833,
  29376,
  -42258,
  62457,
  44239,
  8307,
  56570,
  29513,
  -1768,
  14902,
  14117,
  15378,
  16185,
  48848,
  43472,
  50067,
  -40939,
  12424,
  59915,
  -2423,
  28854,
  -3387,
  36026,
  -43761,
  59677,
  -39778,
  -4176,
  -6138,
  27928,
  30178,
  27405,
  1728,
  58011,
  -27455,
  23070,
  -42373,
  -58770,
  26267,
  26612,
  -13851,
  24742,
  -36365,
  61333,
  50129,
  32563,
  13887,
  44484,
  18343,
  32576,
  59831,
  -47349,
  58580,
  -57757,
  22198,
  60848,
  -63867,
  18826,
  1211,
  15235,
  40572,
  -9606,
  43954,
  -51093,
  -62129,
  -51831,
  -16601,
  -53227,
  -11034,
  45048,
  42231,
  58015,
  -16534,
  -21722,
  -37364,
  22618,
  -39078,
  -26632,
  -34062,
  32291,
  22618,
  16644,
  -44311,
  -20318,
  64030,
  43898,
  -10425,
  -3668,
  -3233,
  -17292,
  43405,
  -20001,
  -595,
  -3472,
  -48119,
  60705,
  -63078,
  45869,
  -38176,
  -15428,
  -19838,
  -26413,
  -15981,
  26464,
  -44857,
  -47030,
  -6921,
  -41586,
  -57484,
  33015,
  -14714,
  37151,
  32576,
  -60784,
  37289,
  -7817,
  56517,
  26327,
  -12608,
  59640,
  1754,
  -52962,
  -55178,
  -38504,
  -4373,
  -29725,
  25432,
  31590,
  -33204,
  40858,
  -37174,
  -28346,
  19343,
  -2994,
  8825,
  56559,
  -24783,
  -16928,
  -41311,
  53162,
  16314,
  -64956,
  -49128,
  -8144,
  62933,
  -10015,
  -63067,
  -33078,
  16540,
  25505,
  -46479,
  230,
  36154,
  53384,
  -38746,
  -61021,
  -64477,
  -10097,
  -30070,
  15675,
  10436,
  -5103,
  10622,
  26430,
  29135,
  56357,
  61997,
  -35914,
  -1789,
  -56274,
  -26608,
  4797,
  42374,
  1447,
  47982,
  -1057,
  -6439,
  58445,
  -57052,
  -23985,
  2053,
  -22008,
  33128,
  34461,
  19356,
  -2785,
  63867,
  -52861,
  42336,
  29473,
  -7226,
  -4863,
  -54072,
  -27409,
  130,
  316,
  -23315,
  18656,
  27203,
  43131,
  22977,
  8003,
  60319,
  -55145,
  10998,
  -43375,
  3142,
  13384,
  53745,
  62617,
  2847,
  12778,
  34348,
  -46903,
  31429,
  -48174,
  -29037,
  64661,
  -55767,
  34457,
  11902,
  63648,
  -9859,
  24728,
  30615,
  56263,
  -62428,
  27769,
  23449,
  63237,
  -2367,
  -24322,
  16291,
  -17603,
  43195,
  -59102,
  49956,
  -34271,
  -6192,
  54093,
  55731,
  -40049,
  -31585,
  15792,
  -26898,
  54581,
  -24269,
  -49850,
  20102,
  18562,
  46381,
  -3037,
  -14417,
  31856,
  -5662,
  -14924,
  18292,
  52127,
  15572,
  -56241,
  3031,
  -57986,
  958,
  -4982,
  39897,
  40678,
  15868,
  -51723,
  -4702,
  24959,
  -34273,
  -4456,
  -32408,
  64880,
  53533,
  29093,
  56474,
  49887,
  26742,
  20181,
  3241,
  18984,
  41940,
  -40210,
  33353,
  8312,
  19366,
  -29108,
  9003,
  -44607,
  63907,
  15016,
  -28270,
  30716,
  19261,
  -64136,
  60497,
  44583,
  -33339,
  62578,
  -61076,
  -37748,
  21041,
  4470,
  24501,
  -33757,
  40858,
  41818,
  -20809,
  -16064,
  -62266,
  -43910,
  5369,
  -62511,
  -4628,
  -48160,
  41462,
  -43723,
  41017,
  30969,
  47993,
  14161,
  56539,
  12315,
  -30203,
  -4064,
  -6543,
  3575,
  22034,
  -65132,
  -47926,
  -42639,
  -6694,
  -60435,
  53234,
  -32862,
  -61510,
  -37548,
  -2917,
  17726,
  -24915,
  16344,
  -1604,
  -8279,
  43347,
  -25271,
  56034,
  -25213,
  -3822,
  59486,
  28210,
  36228,
  -3828,
  36808,
  -56942,
  37531,
  696,
  48981,
  -60966,
  52,
  25640,
  -31309,
  6442,
  16780,
  -10610,
  27305,
  -62691,
  21357,
  -43579,
  23240,
  45798,
  19777,
  22085,
  9762,
  53846,
  49342,
  -52259,
  23090,
  36872,
  30873,
  -12365,
  -36807,
  18561,
  -61377,
  64374,
  39365,
  -31340,
  -57070,
  33545,
  1062,
  -26381,
  -12048,
  -6807,
  59556,
  -34017,
  37793,
  63435,
  -61594,
  3682,
  -53489,
  -39765,
  24270,
  22156,
  37426,
  -26278,
  -2625,
  54785,
  42967,
  37895,
  13520,
  58612,
  58970,
  -2825,
  -34606,
  -53476,
  22143,
  -27021,
  -21297,
  -58253,
  -14544,
  64161,
  61421,
  -59260,
  -51044,
  -48897,
  -27840,
  -26946,
  9819,
  -126,
  -7574,
  -45978,
  55760,
  42079,
  62470,
  51270,
  43571,
  -40405,
  -47703,
  57365,
  16344,
  16042,
  3106,
  -9414,
  -54821,
  -49619,
  -63999,
  53070,
  16162,
  39847,
  10716,
  55591,
  -48234,
  -27420,
  43000,
  32466,
  36774,
  59015,
  -41812,
  -1127,
  -21531,
  -50572,
  -6946,
  -40300,
  22380,
  38781,
  -40977,
  -63754,
  -41381,
  42880,
  -1895,
  -30189,
  22613,
  58159,
  34648,
  23865,
  51987,
  -12812,
  39426,
  33703,
  -12713,
  -1342,
  -33129,
  43395,
  58729,
  -9731,
  -13947,
  -31585,
  39474,
  -44475,
  -44374,
  -10270,
  6379,
  -11658,
  -14478,
  -17235,
  8980,
  -2909,
  48694,
  50563,
  -59818,
  22518,
  21538,
  32763,
  43472,
  -29202,
  -18175,
  -15688,
  -42806,
  58534,
  9487,
  -20668,
  -42639,
  -38135,
  38487,
  -7927,
  9964,
  -37845,
  58982,
  32684,
  18725,
  -34555,
  17948,
  -59555,
  12676,
  -49575,
  -18167,
  52423,
  -39582,
  3516,
  58871,
  6459,
  15248,
  33879,
  10200,
  60935,
  -12104,
  40993,
  65382,
  7514,
  11225,
  -49221,
  -12453,
  30322,
  28025,
  13493,
  -60607,
  -46126,
  3934,
  31107,
  51291,
  -7492,
  -9985,
  -62343,
  25406,
  -20428,
  46862,
  6637,
  52107,
  45623,
  48240,
  -6960,
  8667,
  -29759,
  -45464,
  -48366,
  -49276,
  -36401,
  -20673,
  -34754,
  -49095,
  12153,
  46013,
  -7658,
  -51930,
  -54525,
  -57020,
  -12048,
  -22848,
  52145,
  36283,
  39800,
  -51241,
  60510,
  -59839,
  14098,
  47054,
  -4977,
  33763,
  21689,
  52392,
  -45293,
  -32448,
  -32840,
  -19052,
  -14221,
  -863,
  -58211,
  4506,
  1678,
  -16768,
  -23242,
  -21837,
  59145,
  40150,
  50818,
  47652,
  24219,
  -63367,
  -16900,
  49083,
  51666,
  -21545,
  40063,
  -5158,
  -43244,
  65163,
  -23836,
  59198,
  -16495,
  -63449,
  -49401,
  -19912,
  -25086,
  -53354,
  -17346,
  -40184,
  14879,
  51658,
  -31514,
  -49205,
  35426,
  -41228,
  -34029,
  17597,
  -26180,
  20145,
  2422,
  14622,
  -65131,
  14153,
  -65060,
  -4729,
  63636,
  22990,
  -46729,
  -18664,
  8137,
  -9323,
  46765,
  -1351,
  -30701,
  -12051,
  -5505,
  25841,
  -11308,
  -57790,
  36820,
  -17760,
  -40811,
  46424,
  -7190,
  -43495,
  -5667,
  3462,
  -34761,
  35259,
  -26255,
  -36464,
  53887,
  -1748,
  59329,
  14538,
  -24620,
  -56139,
  52992,
  -43263,
  -43920,
  15553,
  12486,
  -3977,
  39587,
  -49470,
  52452,
  22944,
  49536,
  8313,
  43451,
  -52483,
  -26831,
  -24505,
  -10642,
  46557,
  24914,
  12377,
  -62776,
  -24772,
  41727,
  38788,
  -50068,
  3073,
  53350,
  -54933,
  14786,
  63480,
  -62144,
  -16905,
  -49224,
  -11544,
  59451,
  -23953,
  53140,
  49579,
  43536,
  50579,
  39919,
  -60300,
  28521,
  18925,
  34225,
  -26205,
  10287,
  105,
  -46274,
  36240,
  -58117,
  37380,
  399,
  24703,
  41638,
  -29766,
};

int ref[] = {
  -65518,
  -65493,
  -65476,
  -65452,
  -65446,
  -65434,
  -65426,
  -65323,
  -65308,
  -65287,
  -65256,
  -65212,
  -65197,
  -65150,
  -65132,
  -65131,
  -65096,
  -65070,
  -65060,
  -65042,
  -65036,
  -64987,
  -64983,
  -64968,
  -64956,
  -64954,
  -64933,
  -64921,
  -64895,
  -64892,
  -64888,
  -64830,
  -64789,
  -64770,
  -64764,
  -64748,
  -64714,
  -64712,
  -64679,
  -64631,
  -64572,
  -64555,
  -64547,
  -64544,
  -64477,
  -64446,
  -64433,
  -64410,
  -64399,
  -64372,
  -64366,
  -64363,
  -64283,
  -64282,
  -64271,
  -64255,
  -64250,
  -64187,
  -64175,
  -64136,
  -64134,
  -64105,
  -64091,
  -64070,
  -63999,
  -63977,
  -63959,
  -63930,
  -63899,
  -63895,
  -63873,
  -63867,
  -63843,
  -63806,
  -63795,
  -63789,
  -63761,
  -63754,
  -63731,
  -63715,
  -63691,
  -63658,
  -63609,
  -63507,
  -63487,
  -63483,
  -63480,
  -63449,
  -63394,
  -63370,
  -63367,
  -63335,
  -63309,
  -63293,
  -63236,
  -63191,
  -63117,
  -63082,
  -63082,
  -63078,
  -63067,
  -63037,
  -63025,
  -62993,
  -62978,
  -62964,
  -62810,
  -62790,
  -62776,
  -62740,
  -62720,
  -62691,
  -62681,
  -62676,
  -62671,
  -62665,
  -62641,
  -62616,
  -62614,
  -62604,
  -62599,
  -62585,
  -62559,
  -62511,
  -62487,
  -62482,
  -62428,
  -62415,
  -62368,
  -62360,
  -62359,
  -62343,
  -62305,
  -62266,
  -62263,
  -62204,
  -62145,
  -62145,
  -62144,
  -62143,
  -62129,
  -62106,
  -62105,
  -62046,
  -62024,
  -61977,
  -61974,
  -61968,
  -61935,
  -61914,
  -61899,
  -61889,
  -61864,
  -61856,
  -61817,
  -61814,
  -61807,
  -61794,
  -61728,
  -61715,
  -61686,
  -61636,
  -61630,
  -61594,
  -61591,
  -61581,
  -61510,
  -61504,
  -61451,
  -61441,
  -61377,
  -61363,
  -61354,
  -61240,
  -61231,
  -61216,
  -61179,
  -61154,
  -61135,
  -61110,
  -61076,
  -61053,
  -61021,
  -61012,
  -60990,
  -60983,
  -60966,
  -60960,
  -60945,
  -60926,
  -60881,
  -60869,
  -60812,
  -60804,
  -60799,
  -60784,
  -60723,
  -60720,
  -60711,
  -60705,
  -60665,
  -60658,
  -60656,
  -60646,
  -60607,
  -60509,
  -60494,
  -60492,
  -60454,
  -60435,
  -60430,
  -60429,
  -60388,
  -60349,
  -60346,
  -60325,
  -60300,
  -60299,
  -60254,
  -60218,
  -60215,
  -60192,
  -60181,
  -60160,
  -60089,
  -60085,
  -60010,
  -59986,
  -59981,
  -59961,
  -59949,
  -59943,
  -59906,
  -59871,
  -59858,
  -59842,
  -59839,
  -59818,
  -59816,
  -59800,
  -59785,
  -59774,
  -59770,
  -59690,
  -59671,
  -59637,
  -59555,
  -59538,
  -59533,
  -59525,
  -59478,
  -59439,
  -59438,
  -59347,
  -59304,
  -59299,
  -59260,
  -59227,
  -59219,
  -59189,
  -59177,
  -59102,
  -59077,
  -59028,
  -59015,
  -58971,
  -58951,
  -58916,
  -58913,
  -58895,
  -58885,
  -58860,
  -58804,
  -58800,
  -58770,
  -58719,
  -58647,
  -58602,
  -58569,
  -58551,
  -58544,
  -58526,
  -58508,
  -58466,
  -58443,
  -58443,
  -58438,
  -58416,
  -58393,
  -58377,
  -58355,
  -58316,
  -58253,
  -58253,
  -58211,
  -58159,
  -58156,
  -58153,
  -58145,
  -58126,
  -58117,
  -58083,
  -58050,
  -58028,
  -57986,
  -57984,
  -57964,
  -57932,
  -57832,
  -57815,
  -57800,
  -57792,
  -57790,
  -57789,
  -57776,
  -57757,
  -57749,
  -57735,
  -57724,
  -57723,
  -57638,
  -57594,
  -57562,
  -57552,
  -57537,
  -57520,
  -57506,
  -57484,
  -57479,
  -57418,
  -57368,
  -57334,
  -57328,
  -57318,
  -57161,
  -57124,
  -57079,
  -57070,
  -57056,
  -57052,
  -57049,
  -57020,
  -56983,
  -56965,
  -56942,
  -56933,
  -56860,
  -56844,
  -56823,
  -56790,
  -56736,
  -56597,
  -56592,
  -56576,
  -56546,
  -56532,
  -56481,
  -56468,
  -56451,
  -56451,
  -56421,
  -56418,
  -56415,
  -56396,
  -56386,
  -56384,
  -56338,
  -56309,
  -56274,
  -56241,
  -56189,
  -56151,
  -56139,
  -56110,
  -56109,
  -56101,
  -56078,
  -56063,
  -56055,
  -56053,
  -56012,
  -56008,
  -55996,
  -55936,
  -55911,
  -55875,
  -55853,
  -55767,
  -55760,
  -55737,
  -55670,
  -55644,
  -55604,
  -55603,
  -55577,
  -55551,
  -55543,
  -55530,
  -55509,
  -55489,
  -55479,
  -55471,
  -55438,
  -55424,
  -55388,
  -55335,
  -55327,
  -55279,
  -55262,
  -55257,
  -55235,
  -55216,
  -55214,
  -55178,
  -55145,
  -55123,
  -55062,
  -55055,
  -55033,
  -55010,
  -55010,
  -55004,
  -54990,
  -54943,
  -54933,
  -54917,
  -54912,
  -54898,
  -54879,
  -54870,
  -54821,
  -54818,
  -54809,
  -54807,
  -54805,
  -54789,
  -54720,
  -54688,
  -54684,
  -54666,
  -54634,
  -54609,
  -54560,
  -54525,
  -54523,
  -54508,
  -54491,
  -54427,
  -54327,
  -54276,
  -54273,
  -54229,
  -54191,
  -54134,
  -54129,
  -54114,
  -54096,
  -54094,
  -54072,
  -54059,
  -54043,
  -54029,
  -54004,
  -53997,
  -53994,
  -53984,
  -53973,
  -53932,
  -53836,
  -53636,
  -53588,
  -53574,
  -53574,
  -53565,
  -53556,
  -53489,
  -53476,
  -53460,
  -53448,
  -53429,
  -53354,
  -53296,
  -53249,
  -53241,
  -53227,
  -53180,
  -53171,
  -53170,
  -53125,
  -53123,
  -53085,
  -53062,
  -53017,
  -53009,
  -52982,
  -52964,
  -52962,
  -52932,
  -52911,
  -52905,
  -52861,
  -52860,
  -52856,
  -52794,
  -52763,
  -52745,
  -52702,
  -52632,
  -52623,
  -52613,
  -52591,
  -52577,
  -52510,
  -52483,
  -52370,
  -52361,
  -52348,
  -52259,
  -52217,
  -52192,
  -52082,
  -52065,
  -52052,
  -52032,
  -52027,
  -51989,
  -51974,
  -51974,
  -51971,
  -51967,
  -51962,
  -51930,
  -51889,
  -51873,
  -51870,
  -51855,
  -51836,
  -51831,
  -51802,
  -51765,
  -51757,
  -51755,
  -51747,
  -51723,
  -51709,
  -51674,
  -51669,
  -51625,
  -51604,
  -51588,
  -51574,
  -51524,
  -51491,
  -51470,
  -51418,
  -51374,
  -51355,
  -51291,
  -51252,
  -51241,
  -51227,
  -51180,
  -51119,
  -51117,
  -51107,
  -51093,
  -51086,
  -51044,
  -51031,
  -50983,
  -50940,
  -50939,
  -50867,
  -50864,
  -50856,
  -50844,
  -50820,
  -50819,
  -50802,
  -50774,
  -50766,
  -50757,
  -50697,
  -50595,
  -50575,
  -50572,
  -50560,
  -50532,
  -50502,
  -50443,
  -50427,
  -50363,
  -50337,
  -50329,
  -50268,
  -50263,
  -50229,
  -50215,
  -50150,
  -50135,
  -50101,
  -50068,
  -50026,
  -50024,
  -49919,
  -49916,
  -49911,
  -49884,
  -49858,
  -49850,
  -49819,
  -49806,
  -49800,
  -49768,
  -49716,
  -49715,
  -49660,
  -49655,
  -49631,
  -49619,
  -49575,
  -49573,
  -49530,
  -49503,
  -49470,
  -49432,
  -49420,
  -49401,
  -49370,
  -49278,
  -49276,
  -49254,
  -49253,
  -49224,
  -49223,
  -49223,
  -49221,
  -49205,
  -49195,
  -49176,
  -49174,
  -49128,
  -49118,
  -49095,
  -49003,
  -48990,
  -48942,
  -48914,
  -48897,
  -48892,
  -48799,
  -48771,
  -48764,
  -48756,
  -48708,
  -48703,
  -48681,
  -48667,
  -48590,
  -48541,
  -48540,
  -48506,
  -48496,
  -48443,
  -48424,
  -48366,
  -48352,
  -48333,
  -48324,
  -48319,
  -48304,
  -48237,
  -48234,
  -48233,
  -48174,
  -48160,
  -48119,
  -47997,
  -47985,
  -47966,
  -47926,
  -47873,
  -47872,
  -47858,
  -47814,
  -47797,
  -47766,
  -47757,
  -47755,
  -47712,
  -47710,
  -47703,
  -47669,
  -47664,
  -47565,
  -47540,
  -47505,
  -47417,
  -47411,
  -47398,
  -47397,
  -47374,
  -47349,
  -47340,
  -47322,
  -47312,
  -47274,
  -47249,
  -47204,
  -47199,
  -47151,
  -47144,
  -47094,
  -47084,
  -47030,
  -47013,
  -46969,
  -46961,
  -46911,
  -46903,
  -46897,
  -46879,
  -46868,
  -46833,
  -46762,
  -46729,
  -46724,
  -46698,
  -46684,
  -46665,
  -46656,
  -46644,
  -46644,
  -46628,
  -46479,
  -46431,
  -46376,
  -46366,
  -46297,
  -46295,
  -46274,
  -46236,
  -46229,
  -46181,
  -46163,
  -46126,
  -46121,
  -46089,
  -46080,
  -46060,
  -46052,
  -45978,
  -45978,
  -45959,
  -45927,
  -45921,
  -45920,
  -45876,
  -45810,
  -45735,
  -45702,
  -45670,
  -45660,
  -45649,
  -45639,
  -45607,
  -45604,
  -45590,
  -45587,
  -45559,
  -45550,
  -45515,
  -45515,
  -45464,
  -45412,
  -45383,
  -45371,
  -45342,
  -45334,
  -45302,
  -45293,
  -45265,
  -45251,
  -45240,
  -45232,
  -45227,
  -45181,
  -45162,
  -45149,
  -45131,
  -45115,
  -45107,
  -45087,
  -45084,
  -45068,
  -45041,
  -45010,
  -44987,
  -44976,
  -44934,
  -44895,
  -44857,
  -44735,
  -44694,
  -44666,
  -44607,
  -44535,
  -44495,
  -44475,
  -44462,
  -44451,
  -44382,
  -44374,
  -44366,
  -44364,
  -44311,
  -44294,
  -44286,
  -44271,
  -44267,
  -44261,
  -44257,
  -44251,
  -44244,
  -44222,
  -44212,
  -44207,
  -44101,
  -44040,
  -44039,
  -44021,
  -43920,
  -43910,
  -43909,
  -43882,
  -43867,
  -43856,
  -43833,
  -43811,
  -43789,
  -43761,
  -43749,
  -43748,
  -43729,
  -43723,
  -43697,
  -43665,
  -43662,
  -43633,
  -43579,
  -43557,
  -43552,
  -43539,
  -43495,
  -43448,
  -43427,
  -43392,
  -43388,
  -43385,
  -43375,
  -43347,
  -43347,
  -43311,
  -43305,
  -43271,
  -43263,
  -43244,
  -43242,
  -43164,
  -43089,
  -43077,
  -43050,
  -43039,
  -43023,
  -43021,
  -42986,
  -42953,
  -42944,
  -42888,
  -42819,
  -42812,
  -42806,
  -42761,
  -42703,
  -42703,
  -42662,
  -42655,
  -42639,
  -42639,
  -42623,
  -42576,
  -42543,
  -42415,
  -42385,
  -42384,
  -42373,
  -42321,
  -42319,
  -42296,
  -42258,
  -42236,
  -42163,
  -42073,
  -42058,
  -42055,
  -42026,
  -42011,
  -41954,
  -41951,
  -41895,
  -41867,
  -41814,
  -41812,
  -41811,
  -41755,
  -41732,
  -41727,
  -41715,
  -41627,
  -41622,
  -41616,
  -41602,
  -41586,
  -41530,
  -41448,
  -41412,
  -41381,
  -41368,
  -41361,
  -41347,
  -41318,
  -41311,
  -41299,
  -41296,
  -41246,
  -41231,
  -41228,
  -41212,
  -41204,
  -41196,
  -41171,
  -41170,
  -41169,
  -41139,
  -41124,
  -41055,
  -41054,
  -41037,
  -41033,
  -41012,
  -40977,
  -40977,
  -40970,
  -40966,
  -40955,
  -40939,
  -40894,
  -40874,
  -40849,
  -40827,
  -40811,
  -40797,
  -40777,
  -40701,
  -40699,
  -40657,
  -40624,
  -40569,
  -40531,
  -40530,
  -40446,
  -40405,
  -40398,
  -40370,
  -40364,
  -40350,
  -40300,
  -40242,
  -40210,
  -40184,
  -40141,
  -40115,
  -40115,
  -40099,
  -40063,
  -40049,
  -40027,
  -39967,
  -39963,
  -39949,
  -39921,
  -39876,
  -39815,
  -39788,
  -39778,
  -39774,
  -39768,
  -39765,
  -39739,
  -39661,
  -39650,
  -39649,
  -39647,
  -39638,
  -39632,
  -39631,
  -39587,
  -39582,
  -39564,
  -39506,
  -39431,
  -39259,
  -39195,
  -39171,
  -39150,
  -39149,
  -39147,
  -39146,
  -39132,
  -39093,
  -39078,
  -39045,
  -38999,
  -38986,
  -38953,
  -38944,
  -38932,
  -38871,
  -38833,
  -38804,
  -38763,
  -38749,
  -38746,
  -38684,
  -38683,
  -38681,
  -38665,
  -38618,
  -38602,
  -38588,
  -38588,
  -38578,
  -38561,
  -38549,
  -38546,
  -38517,
  -38504,
  -38498,
  -38480,
  -38472,
  -38449,
  -38419,
  -38391,
  -38373,
  -38329,
  -38211,
  -38210,
  -38176,
  -38149,
  -38135,
  -38124,
  -38118,
  -38093,
  -37993,
  -37961,
  -37936,
  -37925,
  -37917,
  -37909,
  -37869,
  -37861,
  -37845,
  -37816,
  -37803,
  -37796,
  -37788,
  -37784,
  -37773,
  -37748,
  -37692,
  -37631,
  -37605,
  -37579,
  -37548,
  -37535,
  -37530,
  -37493,
  -37475,
  -37454,
  -37388,
  -37364,
  -37333,
  -37320,
  -37212,
  -37196,
  -37174,
  -37165,
  -37123,
  -37121,
  -37111,
  -37074,
  -37073,
  -37065,
  -37055,
  -37011,
  -36984,
  -36902,
  -36901,
  -36884,
  -36835,
  -36832,
  -36807,
  -36801,
  -36702,
  -36672,
  -36616,
  -36609,
  -36586,
  -36542,
  -36541,
  -36534,
  -36534,
  -36513,
  -36464,
  -36443,
  -36403,
  -36401,
  -36401,
  -36365,
  -36349,
  -36347,
  -36313,
  -36299,
  -36136,
  -36102,
  -36091,
  -36009,
  -35995,
  -35984,
  -35978,
  -35942,
  -35929,
  -35922,
  -35914,
  -35868,
  -35834,
  -35785,
  -35711,
  -35679,
  -35669,
  -35663,
  -35640,
  -35634,
  -35623,
  -35620,
  -35605,
  -35563,
  -35528,
  -35429,
  -35409,
  -35404,
  -35361,
  -35341,
  -35318,
  -35312,
  -35306,
  -35302,
  -35298,
  -35293,
  -35233,
  -35229,
  -35201,
  -35195,
  -35172,
  -35118,
  -35091,
  -35087,
  -35066,
  -35055,
  -35043,
  -35003,
  -34995,
  -34908,
  -34902,
  -34800,
  -34761,
  -34754,
  -34729,
  -34703,
  -34680,
  -34674,
  -34661,
  -34641,
  -34606,
  -34560,
  -34555,
  -34551,
  -34549,
  -34514,
  -34504,
  -34371,
  -34358,
  -34323,
  -34299,
  -34276,
  -34273,
  -34271,
  -34240,
  -34239,
  -34228,
  -34208,
  -34177,
  -34164,
  -34116,
  -34082,
  -34062,
  -34045,
  -34029,
  -34017,
  -34001,
  -33996,
  -33987,
  -33972,
  -33966,
  -33963,
  -33954,
  -33951,
  -33924,
  -33908,
  -33807,
  -33757,
  -33734,
  -33711,
  -33665,
  -33626,
  -33618,
  -33591,
  -33526,
  -33524,
  -33516,
  -33507,
  -33497,
  -33485,
  -33474,
  -33435,
  -33434,
  -33418,
  -33389,
  -33386,
  -33342,
  -33339,
  -33244,
  -33237,
  -33204,
  -33198,
  -33195,
  -33147,
  -33129,
  -33110,
  -33098,
  -33079,
  -33078,
  -33063,
  -33049,
  -33029,
  -32916,
  -32904,
  -32882,
  -32876,
  -32862,
  -32845,
  -32840,
  -32783,
  -32779,
  -32737,
  -32692,
  -32692,
  -32670,
  -32629,
  -32594,
  -32590,
  -32566,
  -32519,
  -32516,
  -32472,
  -32468,
  -32450,
  -32448,
  -32408,
  -32407,
  -32383,
  -32334,
  -32332,
  -32248,
  -32184,
  -32183,
  -32174,
  -32145,
  -32140,
  -32118,
  -32106,
  -32083,
  -32081,
  -32076,
  -31996,
  -31972,
  -31946,
  -31910,
  -31896,
  -31871,
  -31820,
  -31700,
  -31634,
  -31585,
  -31585,
  -31551,
  -31514,
  -31483,
  -31481,
  -31467,
  -31420,
  -31400,
  -31399,
  -31342,
  -31340,
  -31337,
  -31309,
  -31264,
  -31251,
  -31236,
  -31190,
  -31111,
  -31105,
  -31090,
  -31082,
  -30997,
  -30961,
  -30899,
  -30893,
  -30878,
  -30848,
  -30824,
  -30813,
  -30730,
  -30727,
  -30723,
  -30701,
  -30672,
  -30652,
  -30597,
  -30590,
  -30576,
  -30558,
  -30514,
  -30512,
  -30466,
  -30446,
  -30347,
  -30331,
  -30299,
  -30263,
  -30258,
  -30248,
  -30240,
  -30212,
  -30203,
  -30197,
  -30189,
  -30131,
  -30117,
  -30107,
  -30077,
  -30070,
  -29950,
  -29948,
  -29917,
  -29912,
  -29883,
  -29866,
  -29865,
  -29855,
  -29826,
  -29781,
  -29766,
  -29762,
  -29759,
  -29725,
  -29702,
  -29686,
  -29681,
  -29657,
  -29631,
  -29603,
  -29594,
  -29551,
  -29542,
  -29516,
  -29495,
  -29461,
  -29435,
  -29432,
  -29398,
  -29381,
  -29366,
  -29364,
  -29347,
  -29338,
  -29317,
  -29310,
  -29221,
  -29202,
  -29111,
  -29108,
  -29101,
  -29100,
  -29092,
  -29067,
  -29037,
  -29024,
  -29004,
  -28968,
  -28907,
  -28894,
  -28863,
  -28845,
  -28805,
  -28803,
  -28756,
  -28738,
  -28705,
  -28673,
  -28651,
  -28569,
  -28536,
  -28523,
  -28505,
  -28413,
  -28408,
  -28387,
  -28381,
  -28346,
  -28340,
  -28270,
  -28255,
  -28198,
  -28187,
  -28109,
  -28086,
  -27993,
  -27840,
  -27821,
  -27790,
  -27759,
  -27733,
  -27723,
  -27645,
  -27639,
  -27612,
  -27609,
  -27565,
  -27531,
  -27501,
  -27455,
  -27420,
  -27410,
  -27409,
  -27387,
  -27285,
  -27280,
  -27224,
  -27207,
  -27172,
  -27144,
  -27108,
  -27086,
  -27080,
  -27079,
  -27070,
  -27021,
  -27009,
  -27005,
  -26964,
  -26961,
  -26961,
  -26946,
  -26908,
  -26908,
  -26898,
  -26873,
  -26842,
  -26831,
  -26788,
  -26783,
  -26777,
  -26702,
  -26636,
  -26632,
  -26627,
  -26611,
  -26608,
  -26604,
  -26571,
  -26558,
  -26515,
  -26478,
  -26461,
  -26413,
  -26413,
  -26381,
  -26370,
  -26360,
  -26316,
  -26284,
  -26278,
  -26276,
  -26270,
  -26255,
  -26222,
  -26205,
  -26188,
  -26186,
  -26180,
  -26178,
  -26177,
  -26156,
  -26137,
  -26079,
  -26069,
  -26055,
  -26038,
  -26033,
  -25972,
  -25924,
  -25919,
  -25871,
  -25850,
  -25820,
  -25780,
  -25705,
  -25662,
  -25642,
  -25601,
  -25588,
  -25569,
  -25551,
  -25525,
  -25478,
  -25452,
  -25444,
  -25443,
  -25438,
  -25396,
  -25390,
  -25362,
  -25356,
  -25314,
  -25309,
  -25302,
  -25282,
  -25271,
  -25253,
  -25213,
  -25205,
  -25204,
  -25178,
  -25125,
  -25098,
  -25086,
  -25059,
  -25041,
  -25018,
  -24938,
  -24938,
  -24915,
  -24909,
  -24908,
  -24905,
  -24890,
  -24851,
  -24783,
  -24772,
  -24767,
  -24755,
  -24743,
  -24667,
  -24644,
  -24630,
  -24620,
  -24594,
  -24572,
  -24565,
  -24528,
  -24520,
  -24505,
  -24480,
  -24397,
  -24372,
  -24360,
  -24322,
  -24269,
  -24269,
  -24237,
  -24219,
  -24143,
  -24118,
  -24112,
  -24098,
  -24088,
  -24067,
  -23985,
  -23961,
  -23953,
  -23947,
  -23937,
  -23904,
  -23883,
  -23878,
  -23854,
  -23836,
  -23834,
  -23803,
  -23734,
  -23663,
  -23662,
  -23578,
  -23506,
  -23408,
  -23402,
  -23390,
  -23369,
  -23334,
  -23330,
  -23315,
  -23307,
  -23302,
  -23297,
  -23267,
  -23258,
  -23242,
  -23237,
  -23188,
  -23174,
  -23168,
  -23142,
  -23131,
  -23111,
  -23080,
  -23074,
  -22950,
  -22950,
  -22857,
  -22853,
  -22848,
  -22756,
  -22740,
  -22719,
  -22686,
  -22668,
  -22646,
  -22609,
  -22531,
  -22476,
  -22445,
  -22443,
  -22432,
  -22431,
  -22319,
  -22264,
  -22243,
  -22240,
  -22218,
  -22150,
  -22082,
  -22077,
  -22046,
  -22015,
  -22008,
  -21938,
  -21930,
  -21924,
  -21917,
  -21899,
  -21837,
  -21743,
  -21722,
  -21719,
  -21673,
  -21663,
  -21572,
  -21565,
  -21565,
  -21551,
  -21545,
  -21531,
  -21481,
  -21474,
  -21468,
  -21406,
  -21345,
  -21297,
  -21289,
  -21284,
  -21267,
  -21186,
  -21173,
  -21158,
  -21085,
  -21074,
  -21051,
  -21045,
  -21019,
  -21017,
  -21015,
  -21002,
  -21000,
  -20878,
  -20869,
  -20844,
  -20832,
  -20809,
  -20804,
  -20744,
  -20673,
  -20668,
  -20660,
  -20558,
  -20549,
  -20544,
  -20512,
  -20481,
  -20481,
  -20428,
  -20343,
  -20335,
  -20325,
  -20318,
  -20308,
  -20267,
  -20249,
  -20150,
  -20142,
  -20129,
  -20001,
  -19988,
  -19976,
  -19974,
  -19965,
  -19935,
  -19912,
  -19866,
  -19850,
  -19838,
  -19832,
  -19797,
  -19782,
  -19759,
  -19744,
  -19706,
  -19657,
  -19631,
  -19626,
  -19566,
  -19550,
  -19442,
  -19393,
  -19316,
  -19268,
  -19268,
  -19263,
  -19261,
  -19260,
  -19177,
  -19147,
  -19145,
  -19130,
  -19125,
  -19116,
  -19104,
  -19077,
  -19066,
  -19052,
  -18997,
  -18869,
  -18837,
  -18825,
  -18816,
  -18754,
  -18664,
  -18635,
  -18588,
  -18582,
  -18570,
  -18502,
  -18464,
  -18440,
  -18411,
  -18380,
  -18350,
  -18283,
  -18268,
  -18220,
  -18195,
  -18175,
  -18167,
  -18160,
  -18159,
  -18152,
  -18113,
  -18066,
  -18049,
  -18041,
  -17994,
  -17968,
  -17962,
  -17953,
  -17950,
  -17825,
  -17820,
  -17814,
  -17760,
  -17744,
  -17741,
  -17737,
  -17661,
  -17649,
  -17643,
  -17642,
  -17629,
  -17603,
  -17569,
  -17504,
  -17483,
  -17464,
  -17433,
  -17405,
  -17403,
  -17399,
  -17378,
  -17354,
  -17346,
  -17337,
  -17329,
  -17292,
  -17260,
  -17257,
  -17246,
  -17235,
  -17229,
  -17198,
  -17167,
  -17136,
  -17108,
  -17070,
  -17046,
  -17020,
  -16928,
  -16928,
  -16917,
  -16917,
  -16905,
  -16900,
  -16889,
  -16875,
  -16863,
  -16823,
  -16772,
  -16769,
  -16768,
  -16725,
  -16601,
  -16534,
  -16522,
  -16495,
  -16486,
  -16350,
  -16341,
  -16306,
  -16299,
  -16226,
  -16226,
  -16207,
  -16181,
  -16173,
  -16167,
  -16156,
  -16119,
  -16105,
  -16064,
  -16047,
  -15982,
  -15981,
  -15974,
  -15968,
  -15943,
  -15894,
  -15878,
  -15853,
  -15755,
  -15745,
  -15739,
  -15737,
  -15706,
  -15691,
  -15688,
  -15680,
  -15656,
  -15651,
  -15574,
  -15512,
  -15502,
  -15499,
  -15489,
  -15431,
  -15428,
  -15402,
  -15350,
  -15349,
  -15335,
  -15309,
  -15283,
  -15216,
  -15207,
  -15195,
  -15194,
  -15175,
  -15144,
  -15132,
  -15067,
  -15048,
  -15028,
  -15027,
  -14995,
  -14962,
  -14944,
  -14924,
  -14826,
  -14818,
  -14814,
  -14794,
  -14784,
  -14755,
  -14714,
  -14689,
  -14652,
  -14544,
  -14538,
  -14514,
  -14479,
  -14478,
  -14466,
  -14440,
  -14417,
  -14403,
  -14356,
  -14350,
  -14321,
  -14299,
  -14273,
  -14264,
  -14221,
  -14215,
  -14173,
  -14119,
  -14109,
  -14047,
  -14017,
  -14012,
  -14004,
  -14004,
  -13966,
  -13947,
  -13906,
  -13851,
  -13816,
  -13803,
  -13771,
  -13750,
  -13712,
  -13688,
  -13685,
  -13639,
  -13592,
  -13498,
  -13497,
  -13460,
  -13425,
  -13378,
  -13301,
  -13164,
  -13158,
  -13135,
  -13084,
  -13050,
  -12952,
  -12940,
  -12914,
  -12905,
  -12874,
  -12833,
  -12812,
  -12811,
  -12803,
  -12777,
  -12751,
  -12713,
  -12713,
  -12697,
  -12682,
  -12655,
  -12608,
  -12607,
  -12580,
  -12574,
  -12567,
  -12563,
  -12501,
  -12487,
  -12484,
  -12453,
  -12447,
  -12365,
  -12360,
  -12314,
  -12271,
  -12199,
  -12152,
  -12104,
  -12096,
  -12065,
  -12051,
  -12048,
  -12048,
  -12028,
  -11997,
  -11969,
  -11968,
  -11930,
  -11921,
  -11863,
  -11839,
  -11820,
  -11818,
  -11807,
  -11789,
  -11719,
  -11703,
  -11676,
  -11671,
  -11658,
  -11651,
  -11602,
  -11544,
  -11532,
  -11497,
  -11476,
  -11472,
  -11445,
  -11444,
  -11388,
  -11385,
  -11383,
  -11359,
  -11310,
  -11308,
  -11272,
  -11260,
  -11034,
  -11029,
  -10964,
  -10961,
  -10954,
  -10928,
  -10869,
  -10833,
  -10830,
  -10779,
  -10771,
  -10725,
  -10679,
  -10642,
  -10627,
  -10610,
  -10484,
  -10456,
  -10440,
  -10425,
  -10425,
  -10366,
  -10335,
  -10323,
  -10270,
  -10242,
  -10212,
  -10200,
  -10111,
  -10111,
  -10097,
  -10048,
  -10015,
  -9985,
  -9974,
  -9962,
  -9908,
  -9873,
  -9859,
  -9832,
  -9822,
  -9816,
  -9780,
  -9763,
  -9763,
  -9740,
  -9731,
  -9731,
  -9708,
  -9648,
  -9608,
  -9606,
  -9562,
  -9554,
  -9523,
  -9481,
  -9475,
  -9471,
  -9414,
  -9393,
  -9392,
  -9360,
  -9340,
  -9323,
  -9315,
  -9251,
  -9186,
  -9141,
  -9092,
  -9057,
  -9015,
  -9013,
  -8989,
  -8944,
  -8942,
  -8900,
  -8897,
  -8888,
  -8887,
  -8835,
  -8833,
  -8807,
  -8746,
  -8705,
  -8689,
  -8669,
  -8654,
  -8651,
  -8646,
  -8618,
  -8609,
  -8597,
  -8510,
  -8488,
  -8397,
  -8353,
  -8315,
  -8279,
  -8230,
  -8200,
  -8197,
  -8183,
  -8144,
  -8104,
  -8104,
  -8065,
  -8044,
  -7953,
  -7936,
  -7927,
  -7892,
  -7844,
  -7817,
  -7722,
  -7666,
  -7658,
  -7637,
  -7593,
  -7574,
  -7520,
  -7492,
  -7492,
  -7477,
  -7475,
  -7414,
  -7384,
  -7375,
  -7304,
  -7293,
  -7275,
  -7226,
  -7201,
  -7190,
  -7184,
  -7154,
  -7135,
  -7030,
  -6960,
  -6946,
  -6921,
  -6899,
  -6896,
  -6885,
  -6874,
  -6861,
  -6807,
  -6791,
  -6790,
  -6783,
  -6779,
  -6768,
  -6694,
  -6655,
  -6613,
  -6589,
  -6587,
  -6543,
  -6538,
  -6518,
  -6511,
  -6509,
  -6489,
  -6474,
  -6450,
  -6444,
  -6439,
  -6416,
  -6410,
  -6397,
  -6397,
  -6334,
  -6326,
  -6280,
  -6192,
  -6178,
  -6138,
  -6087,
  -6074,
  -6072,
  -5988,
  -5985,
  -5973,
  -5927,
  -5824,
  -5771,
  -5732,
  -5720,
  -5710,
  -5703,
  -5682,
  -5667,
  -5665,
  -5662,
  -5642,
  -5631,
  -5622,
  -5595,
  -5510,
  -5509,
  -5505,
  -5487,
  -5477,
  -5465,
  -5461,
  -5435,
  -5380,
  -5312,
  -5293,
  -5290,
  -5182,
  -5170,
  -5158,
  -5132,
  -5119,
  -5103,
  -5042,
  -4982,
  -4977,
  -4976,
  -4946,
  -4888,
  -4886,
  -4863,
  -4853,
  -4806,
  -4758,
  -4754,
  -4729,
  -4708,
  -4702,
  -4697,
  -4683,
  -4672,
  -4665,
  -4637,
  -4634,
  -4628,
  -4581,
  -4579,
  -4554,
  -4469,
  -4459,
  -4458,
  -4456,
  -4433,
  -4432,
  -4374,
  -4373,
  -4373,
  -4365,
  -4340,
  -4322,
  -4293,
  -4280,
  -4266,
  -4235,
  -4186,
  -4181,
  -4176,
  -4154,
  -4145,
  -4133,
  -4071,
  -4067,
  -4064,
  -3979,
  -3977,
  -3950,
  -3905,
  -3858,
  -3828,
  -3822,
  -3781,
  -3725,
  -3714,
  -3691,
  -3672,
  -3668,
  -3668,
  -3560,
  -3512,
  -3483,
  -3472,
  -3469,
  -3387,
  -3349,
  -3304,
  -3285,
  -3278,
  -3233,
  -3230,
  -3193,
  -3191,
  -3131,
  -3041,
  -3037,
  -3030,
  -3004,
  -2994,
  -2965,
  -2917,
  -2909,
  -2899,
  -2892,
  -2881,
  -2860,
  -2834,
  -2831,
  -2825,
  -2785,
  -2767,
  -2766,
  -2759,
  -2732,
  -2708,
  -2645,
  -2642,
  -2637,
  -2625,
  -2598,
  -2564,
  -2562,
  -2547,
  -2511,
  -2473,
  -2423,
  -2423,
  -2408,
  -2408,
  -2374,
  -2370,
  -2367,
  -2333,
  -2314,
  -2275,
  -2231,
  -2188,
  -2172,
  -2083,
  -2052,
  -2051,
  -2051,
  -2042,
  -2040,
  -1991,
  -1990,
  -1982,
  -1949,
  -1936,
  -1935,
  -1895,
  -1875,
  -1869,
  -1831,
  -1790,
  -1789,
  -1768,
  -1767,
  -1751,
  -1748,
  -1731,
  -1694,
  -1662,
  -1604,
  -1585,
  -1538,
  -1517,
  -1500,
  -1487,
  -1479,
  -1472,
  -1414,
  -1412,
  -1370,
  -1351,
  -1342,
  -1332,
  -1329,
  -1329,
  -1328,
  -1243,
  -1190,
  -1187,
  -1184,
  -1169,
  -1143,
  -1135,
  -1134,
  -1127,
  -1117,
  -1115,
  -1057,
  -1020,
  -949,
  -863,
  -861,
  -804,
  -739,
  -625,
  -621,
  -603,
  -595,
  -535,
  -511,
  -487,
  -421,
  -350,
  -333,
  -332,
  -323,
  -302,
  -295,
  -214,
  -126,
  -125,
  -106,
  -87,
  -79,
  10,
  27,
  52,
  62,
  71,
  75,
  78,
  105,
  130,
  148,
  201,
  230,
  261,
  280,
  292,
  308,
  316,
  324,
  363,
  388,
  396,
  399,
  437,
  442,
  445,
  454,
  504,
  564,
  567,
  575,
  578,
  596,
  607,
  617,
  642,
  665,
  667,
  696,
  697,
  703,
  752,
  809,
  836,
  916,
  933,
  958,
  969,
  1002,
  1031,
  1033,
  1049,
  1062,
  1070,
  1105,
  1108,
  1126,
  1153,
  1182,
  1197,
  1211,
  1218,
  1257,
  1280,
  1285,
  1310,
  1332,
  1436,
  1447,
  1477,
  1537,
  1611,
  1651,
  1678,
  1682,
  1728,
  1753,
  1754,
  1759,
  1783,
  1787,
  1831,
  1867,
  1894,
  1904,
  1905,
  1929,
  1995,
  2009,
  2010,
  2012,
  2019,
  2032,
  2051,
  2053,
  2055,
  2056,
  2126,
  2188,
  2255,
  2266,
  2313,
  2347,
  2351,
  2409,
  2414,
  2422,
  2440,
  2446,
  2455,
  2493,
  2510,
  2532,
  2538,
  2541,
  2554,
  2645,
  2730,
  2741,
  2743,
  2775,
  2787,
  2795,
  2806,
  2847,
  2878,
  2891,
  2923,
  2925,
  2966,
  3018,
  3019,
  3031,
  3073,
  3090,
  3106,
  3109,
  3126,
  3142,
  3145,
  3170,
  3173,
  3181,
  3185,
  3201,
  3241,
  3330,
  3361,
  3397,
  3422,
  3440,
  3462,
  3485,
  3490,
  3506,
  3516,
  3524,
  3543,
  3575,
  3606,
  3627,
  3645,
  3682,
  3817,
  3840,
  3858,
  3920,
  3923,
  3928,
  3934,
  3979,
  4078,
  4102,
  4103,
  4139,
  4176,
  4197,
  4210,
  4211,
  4236,
  4267,
  4268,
  4299,
  4304,
  4328,
  4334,
  4339,
  4347,
  4405,
  4470,
  4506,
  4517,
  4539,
  4571,
  4616,
  4649,
  4671,
  4682,
  4705,
  4797,
  4810,
  4857,
  4862,
  4862,
  4889,
  4945,
  4978,
  5000,
  5014,
  5038,
  5039,
  5089,
  5118,
  5139,
  5140,
  5169,
  5180,
  5207,
  5228,
  5275,
  5309,
  5323,
  5369,
  5435,
  5457,
  5531,
  5702,
  5702,
  5711,
  5712,
  5731,
  5744,
  5846,
  5885,
  5890,
  5891,
  5901,
  5915,
  5965,
  5985,
  6013,
  6029,
  6058,
  6068,
  6088,
  6113,
  6115,
  6121,
  6145,
  6163,
  6166,
  6209,
  6225,
  6269,
  6270,
  6296,
  6306,
  6319,
  6362,
  6379,
  6422,
  6428,
  6442,
  6459,
  6489,
  6499,
  6504,
  6509,
  6533,
  6541,
  6558,
  6560,
  6562,
  6590,
  6610,
  6635,
  6637,
  6653,
  6654,
  6676,
  6750,
  6820,
  6838,
  6929,
  6941,
  6941,
  6990,
  7041,
  7046,
  7057,
  7147,
  7202,
  7213,
  7263,
  7285,
  7302,
  7311,
  7347,
  7369,
  7422,
  7427,
  7488,
  7514,
  7589,
  7622,
  7629,
  7661,
  7696,
  7728,
  7735,
  7737,
  7912,
  7920,
  7964,
  7983,
  7984,
  8003,
  8010,
  8022,
  8036,
  8106,
  8114,
  8124,
  8137,
  8141,
  8147,
  8178,
  8272,
  8307,
  8312,
  8313,
  8359,
  8399,
  8444,
  8506,
  8511,
  8524,
  8613,
  8655,
  8667,
  8733,
  8769,
  8778,
  8778,
  8825,
  8841,
  8919,
  8946,
  8961,
  8969,
  8980,
  9003,
  9012,
  9028,
  9082,
  9084,
  9153,
  9155,
  9165,
  9174,
  9181,
  9182,
  9186,
  9201,
  9232,
  9238,
  9263,
  9336,
  9352,
  9355,
  9377,
  9382,
  9439,
  9454,
  9466,
  9487,
  9501,
  9506,
  9574,
  9582,
  9628,
  9668,
  9698,
  9714,
  9759,
  9762,
  9776,
  9814,
  9819,
  9835,
  9841,
  9905,
  9926,
  9932,
  9964,
  9983,
  9987,
  10002,
  10061,
  10098,
  10113,
  10126,
  10139,
  10139,
  10156,
  10177,
  10200,
  10269,
  10284,
  10287,
  10350,
  10377,
  10380,
  10436,
  10462,
  10471,
  10501,
  10519,
  10559,
  10593,
  10617,
  10622,
  10638,
  10678,
  10716,
  10730,
  10741,
  10757,
  10785,
  10795,
  10814,
  10840,
  10842,
  10846,
  10879,
  10883,
  10945,
  10960,
  10998,
  11063,
  11074,
  11205,
  11222,
  11225,
  11275,
  11279,
  11311,
  11334,
  11361,
  11415,
  11423,
  11442,
  11513,
  11522,
  11568,
  11594,
  11647,
  11695,
  11712,
  11722,
  11723,
  11724,
  11883,
  11892,
  11901,
  11902,
  11994,
  12010,
  12021,
  12024,
  12030,
  12038,
  12042,
  12046,
  12064,
  12069,
  12106,
  12108,
  12153,
  12278,
  12315,
  12377,
  12407,
  12408,
  12424,
  12424,
  12486,
  12491,
  12505,
  12514,
  12656,
  12664,
  12676,
  12720,
  12762,
  12778,
  12783,
  12814,
  12839,
  12868,
  12904,
  12936,
  12959,
  13014,
  13150,
  13249,
  13252,
  13264,
  13309,
  13324,
  13339,
  13345,
  13365,
  13384,
  13410,
  13463,
  13493,
  13511,
  13520,
  13524,
  13550,
  13557,
  13645,
  13694,
  13708,
  13724,
  13780,
  13796,
  13798,
  13800,
  13804,
  13850,
  13864,
  13887,
  13896,
  13917,
  13922,
  13936,
  13973,
  14005,
  14017,
  14031,
  14033,
  14054,
  14067,
  14098,
  14117,
  14139,
  14145,
  14153,
  14153,
  14161,
  14194,
  14201,
  14217,
  14224,
  14238,
  14250,
  14303,
  14304,
  14384,
  14392,
  14430,
  14455,
  14460,
  14484,
  14528,
  14528,
  14538,
  14557,
  14563,
  14574,
  14622,
  14637,
  14664,
  14672,
  14709,
  14729,
  14732,
  14756,
  14786,
  14827,
  14827,
  14879,
  14880,
  14886,
  14902,
  14902,
  14905,
  14935,
  15016,
  15082,
  15083,
  15090,
  15109,
  15212,
  15235,
  15248,
  15274,
  15319,
  15351,
  15378,
  15381,
  15436,
  15448,
  15492,
  15517,
  15553,
  15572,
  15586,
  15592,
  15605,
  15675,
  15758,
  15774,
  15792,
  15824,
  15838,
  15867,
  15868,
  15887,
  15888,
  15895,
  15906,
  15912,
  15957,
  15982,
  15992,
  15993,
  16002,
  16042,
  16074,
  16162,
  16185,
  16246,
  16291,
  16314,
  16338,
  16344,
  16344,
  16371,
  16402,
  16414,
  16459,
  16481,
  16532,
  16540,
  16565,
  16568,
  16597,
  16644,
  16693,
  16725,
  16761,
  16764,
  16772,
  16780,
  16814,
  16816,
  16859,
  16929,
  16949,
  16969,
  16986,
  17017,
  17056,
  17062,
  17063,
  17103,
  17196,
  17216,
  17224,
  17227,
  17251,
  17352,
  17380,
  17417,
  17421,
  17462,
  17482,
  17519,
  17571,
  17597,
  17677,
  17681,
  17686,
  17726,
  17765,
  17831,
  17856,
  17883,
  17904,
  17948,
  18002,
  18012,
  18053,
  18072,
  18133,
  18168,
  18197,
  18210,
  18215,
  18248,
  18258,
  18270,
  18288,
  18292,
  18337,
  18343,
  18343,
  18430,
  18472,
  18482,
  18537,
  18545,
  18555,
  18561,
  18562,
  18589,
  18613,
  18626,
  18626,
  18651,
  18656,
  18662,
  18663,
  18695,
  18725,
  18732,
  18826,
  18837,
  18843,
  18846,
  18861,
  18871,
  18923,
  18925,
  18984,
  18987,
  19162,
  19165,
  19176,
  19261,
  19343,
  19356,
  19358,
  19366,
  19366,
  19408,
  19417,
  19478,
  19534,
  19556,
  19640,
  19674,
  19679,
  19708,
  19714,
  19728,
  19737,
  19749,
  19759,
  19769,
  19777,
  19837,
  19845,
  19884,
  19939,
  19956,
  19975,
  20001,
  20046,
  20102,
  20102,
  20122,
  20124,
  20136,
  20145,
  20147,
  20154,
  20161,
  20165,
  20181,
  20202,
  20260,
  20285,
  20286,
  20292,
  20329,
  20331,
  20347,
  20361,
  20378,
  20404,
  20407,
  20504,
  20506,
  20552,
  20563,
  20576,
  20592,
  20668,
  20681,
  20702,
  20706,
  20712,
  20766,
  20795,
  20809,
  20848,
  20857,
  20921,
  21017,
  21041,
  21099,
  21121,
  21152,
  21256,
  21287,
  21290,
  21307,
  21318,
  21335,
  21357,
  21368,
  21388,
  21389,
  21480,
  21484,
  21505,
  21529,
  21538,
  21544,
  21598,
  21599,
  21599,
  21689,
  21792,
  21805,
  21808,
  21900,
  21918,
  21929,
  21995,
  22030,
  22034,
  22047,
  22056,
  22078,
  22081,
  22085,
  22143,
  22156,
  22159,
  22198,
  22241,
  22280,
  22288,
  22301,
  22321,
  22359,
  22362,
  22380,
  22395,
  22494,
  22518,
  22571,
  22613,
  22618,
  22618,
  22626,
  22727,
  22739,
  22764,
  22788,
  22816,
  22871,
  22881,
  22882,
  22888,
  22899,
  22944,
  22977,
  22983,
  22990,
  23070,
  23074,
  23090,
  23095,
  23176,
  23200,
  23209,
  23224,
  23240,
  23282,
  23287,
  23344,
  23376,
  23413,
  23413,
  23418,
  23449,
  23471,
  23566,
  23584,
  23638,
  23654,
  23684,
  23750,
  23787,
  23801,
  23855,
  23857,
  23865,
  23925,
  23933,
  23985,
  24017,
  24091,
  24120,
  24138,
  24197,
  24212,
  24219,
  24256,
  24256,
  24270,
  24344,
  24360,
  24391,
  24395,
  24477,
  24501,
  24528,
  24547,
  24592,
  24624,
  24647,
  24680,
  24687,
  24703,
  24713,
  24728,
  24742,
  24764,
  24768,
  24806,
  24859,
  24883,
  24914,
  24921,
  24929,
  24952,
  24959,
  25025,
  25041,
  25057,
  25058,
  25064,
  25128,
  25141,
  25315,
  25346,
  25354,
  25371,
  25406,
  25423,
  25432,
  25457,
  25505,
  25514,
  25544,
  25603,
  25623,
  25630,
  25640,
  25641,
  25660,
  25710,
  25717,
  25723,
  25760,
  25766,
  25840,
  25841,
  25909,
  25916,
  25946,
  26068,
  26128,
  26147,
  26194,
  26216,
  26233,
  26267,
  26305,
  26309,
  26327,
  26362,
  26410,
  26430,
  26435,
  26464,
  26470,
  26471,
  26481,
  26546,
  26557,
  26592,
  26612,
  26612,
  26629,
  26634,
  26703,
  26712,
  26729,
  26734,
  26742,
  26749,
  26828,
  26859,
  26911,
  26931,
  26942,
  26942,
  26953,
  26959,
  26969,
  26979,
  26983,
  27099,
  27150,
  27183,
  27203,
  27210,
  27248,
  27272,
  27273,
  27288,
  27305,
  27361,
  27392,
  27405,
  27447,
  27452,
  27491,
  27526,
  27529,
  27534,
  27541,
  27542,
  27543,
  27639,
  27644,
  27663,
  27699,
  27748,
  27769,
  27774,
  27799,
  27829,
  27909,
  27928,
  27936,
  27951,
  27952,
  27965,
  27973,
  28025,
  28026,
  28082,
  28113,
  28125,
  28133,
  28151,
  28210,
  28268,
  28269,
  28277,
  28280,
  28282,
  28299,
  28314,
  28320,
  28338,
  28353,
  28368,
  28394,
  28486,
  28493,
  28503,
  28521,
  28533,
  28562,
  28581,
  28643,
  28667,
  28703,
  28772,
  28801,
  28824,
  28854,
  28881,
  28901,
  28982,
  28988,
  29019,
  29040,
  29042,
  29062,
  29075,
  29093,
  29100,
  29104,
  29108,
  29111,
  29124,
  29135,
  29162,
  29232,
  29282,
  29337,
  29376,
  29376,
  29391,
  29396,
  29399,
  29417,
  29473,
  29513,
  29542,
  29552,
  29558,
  29581,
  29606,
  29619,
  29646,
  29684,
  29699,
  29703,
  29735,
  29736,
  29746,
  29797,
  29836,
  29863,
  29876,
  29879,
  29912,
  29973,
  29990,
  30120,
  30127,
  30165,
  30178,
  30208,
  30322,
  30335,
  30348,
  30354,
  30364,
  30386,
  30425,
  30448,
  30531,
  30615,
  30632,
  30651,
  30655,
  30691,
  30716,
  30720,
  30730,
  30739,
  30760,
  30873,
  30888,
  30895,
  30945,
  30951,
  30969,
  30973,
  30976,
  31010,
  31010,
  31046,
  31107,
  31120,
  31166,
  31174,
  31179,
  31184,
  31194,
  31237,
  31242,
  31300,
  31316,
  31385,
  31394,
  31429,
  31504,
  31508,
  31546,
  31590,
  31596,
  31636,
  31674,
  31696,
  31708,
  31724,
  31773,
  31856,
  31965,
  31975,
  31983,
  31993,
  32030,
  32054,
  32112,
  32128,
  32144,
  32147,
  32217,
  32247,
  32262,
  32289,
  32291,
  32304,
  32320,
  32333,
  32352,
  32395,
  32417,
  32466,
  32484,
  32490,
  32563,
  32576,
  32576,
  32641,
  32676,
  32684,
  32729,
  32749,
  32762,
  32763,
  32771,
  32783,
  32807,
  32831,
  32889,
  32913,
  32914,
  32926,
  32927,
  32946,
  32966,
  32971,
  33000,
  33010,
  33015,
  33025,
  33043,
  33046,
  33060,
  33073,
  33079,
  33080,
  33108,
  33128,
  33204,
  33258,
  33279,
  33281,
  33299,
  33317,
  33328,
  33335,
  33353,
  33466,
  33517,
  33545,
  33550,
  33566,
  33576,
  33683,
  33691,
  33703,
  33712,
  33763,
  33767,
  33791,
  33812,
  33817,
  33879,
  33924,
  34014,
  34042,
  34047,
  34049,
  34054,
  34062,
  34117,
  34127,
  34127,
  34189,
  34207,
  34225,
  34232,
  34243,
  34246,
  34285,
  34327,
  34348,
  34418,
  34443,
  34457,
  34461,
  34479,
  34501,
  34501,
  34601,
  34602,
  34648,
  34650,
  34661,
  34669,
  34677,
  34705,
  34718,
  34752,
  34752,
  34801,
  34830,
  34861,
  34882,
  34944,
  35004,
  35012,
  35072,
  35086,
  35123,
  35124,
  35144,
  35145,
  35154,
  35165,
  35171,
  35259,
  35335,
  35409,
  35426,
  35443,
  35447,
  35450,
  35484,
  35487,
  35518,
  35524,
  35530,
  35552,
  35568,
  35569,
  35570,
  35574,
  35579,
  35633,
  35669,
  35676,
  35722,
  35764,
  35781,
  35783,
  35813,
  35934,
  36010,
  36026,
  36050,
  36067,
  36078,
  36154,
  36204,
  36211,
  36228,
  36240,
  36254,
  36283,
  36287,
  36305,
  36317,
  36338,
  36349,
  36377,
  36381,
  36384,
  36392,
  36422,
  36489,
  36521,
  36548,
  36601,
  36641,
  36720,
  36722,
  36726,
  36728,
  36774,
  36804,
  36808,
  36820,
  36829,
  36842,
  36848,
  36872,
  36887,
  36909,
  36951,
  36951,
  36964,
  36990,
  37032,
  37142,
  37147,
  37151,
  37158,
  37163,
  37180,
  37214,
  37251,
  37260,
  37289,
  37380,
  37403,
  37420,
  37426,
  37456,
  37498,
  37502,
  37515,
  37526,
  37531,
  37536,
  37561,
  37564,
  37581,
  37611,
  37665,
  37671,
  37724,
  37741,
  37793,
  37885,
  37889,
  37895,
  37978,
  38047,
  38072,
  38108,
  38110,
  38133,
  38153,
  38188,
  38231,
  38241,
  38281,
  38300,
  38312,
  38322,
  38335,
  38365,
  38377,
  38395,
  38418,
  38487,
  38517,
  38524,
  38618,
  38632,
  38672,
  38698,
  38726,
  38744,
  38745,
  38764,
  38781,
  38788,
  38793,
  38795,
  38797,
  38816,
  38827,
  38854,
  38886,
  39014,
  39016,
  39024,
  39089,
  39093,
  39110,
  39120,
  39158,
  39158,
  39196,
  39198,
  39206,
  39258,
  39273,
  39290,
  39311,
  39313,
  39340,
  39348,
  39365,
  39377,
  39405,
  39426,
  39440,
  39446,
  39474,
  39542,
  39561,
  39587,
  39590,
  39620,
  39636,
  39649,
  39665,
  39685,
  39685,
  39738,
  39740,
  39748,
  39751,
  39757,
  39763,
  39800,
  39844,
  39847,
  39852,
  39897,
  39919,
  39925,
  39925,
  39938,
  40063,
  40066,
  40074,
  40080,
  40080,
  40085,
  40142,
  40150,
  40193,
  40196,
  40212,
  40214,
  40259,
  40303,
  40319,
  40332,
  40340,
  40349,
  40377,
  40389,
  40394,
  40401,
  40410,
  40446,
  40509,
  40518,
  40527,
  40553,
  40572,
  40598,
  40604,
  40633,
  40669,
  40678,
  40693,
  40698,
  40759,
  40786,
  40787,
  40794,
  40818,
  40822,
  40858,
  40858,
  40898,
  40919,
  40984,
  40985,
  40993,
  41017,
  41079,
  41080,
  41213,
  41218,
  41229,
  41254,
  41313,
  41328,
  41339,
  41415,
  41462,
  41604,
  41638,
  41675,
  41676,
  41693,
  41705,
  41716,
  41723,
  41727,
  41758,
  41818,
  41866,
  41867,
  41940,
  41957,
  41962,
  42003,
  42018,
  42026,
  42071,
  42079,
  42087,
  42127,
  42199,
  42231,
  42303,
  42308,
  42321,
  42325,
  42336,
  42337,
  42374,
  42396,
  42447,
  42488,
  42564,
  42599,
  42610,
  42614,
  42624,
  42633,
  42642,
  42661,
  42662,
  42667,
  42688,
  42705,
  42723,
  42730,
  42745,
  42770,
  42880,
  42896,
  42930,
  42942,
  42966,
  42967,
  43000,
  43016,
  43104,
  43131,
  43184,
  43195,
  43238,
  43269,
  43300,
  43311,
  43347,
  43395,
  43405,
  43439,
  43451,
  43462,
  43472,
  43472,
  43486,
  43533,
  43536,
  43545,
  43559,
  43571,
  43592,
  43604,
  43627,
  43645,
  43651,
  43654,
  43690,
  43698,
  43699,
  43704,
  43746,
  43811,
  43829,
  43898,
  43915,
  43954,
  43969,
  43984,
  43996,
  44006,
  44022,
  44029,
  44067,
  44072,
  44090,
  44218,
  44226,
  44228,
  44239,
  44251,
  44298,
  44323,
  44368,
  44378,
  44382,
  44384,
  44384,
  44444,
  44484,
  44506,
  44583,
  44595,
  44597,
  44610,
  44648,
  44654,
  44748,
  44755,
  44811,
  44825,
  44826,
  44842,
  44846,
  44853,
  44982,
  44992,
  45011,
  45048,
  45076,
  45104,
  45108,
  45154,
  45167,
  45223,
  45224,
  45227,
  45261,
  45271,
  45293,
  45315,
  45390,
  45409,
  45446,
  45450,
  45452,
  45458,
  45480,
  45492,
  45572,
  45603,
  45611,
  45623,
  45730,
  45741,
  45772,
  45798,
  45814,
  45869,
  45887,
  45905,
  45979,
  46013,
  46022,
  46045,
  46106,
  46191,
  46324,
  46379,
  46381,
  46381,
  46381,
  46424,
  46436,
  46456,
  46466,
  46493,
  46532,
  46538,
  46555,
  46557,
  46557,
  46565,
  46696,
  46696,
  46709,
  46765,
  46781,
  46790,
  46843,
  46851,
  46862,
  46911,
  47007,
  47054,
  47122,
  47124,
  47125,
  47166,
  47178,
  47182,
  47240,
  47248,
  47292,
  47322,
  47348,
  47373,
  47445,
  47449,
  47480,
  47506,
  47519,
  47555,
  47587,
  47596,
  47610,
  47634,
  47638,
  47652,
  47673,
  47697,
  47731,
  47791,
  47839,
  47883,
  47906,
  47906,
  47915,
  47927,
  47960,
  47971,
  47982,
  47992,
  47993,
  48004,
  48132,
  48190,
  48228,
  48236,
  48240,
  48240,
  48245,
  48310,
  48400,
  48412,
  48425,
  48461,
  48479,
  48565,
  48566,
  48574,
  48590,
  48694,
  48735,
  48804,
  48805,
  48808,
  48820,
  48832,
  48848,
  48909,
  48909,
  48923,
  48941,
  48944,
  48981,
  49030,
  49051,
  49056,
  49083,
  49102,
  49142,
  49206,
  49217,
  49223,
  49342,
  49362,
  49436,
  49442,
  49454,
  49467,
  49512,
  49521,
  49531,
  49536,
  49579,
  49626,
  49635,
  49636,
  49704,
  49715,
  49736,
  49750,
  49774,
  49778,
  49791,
  49808,
  49810,
  49811,
  49836,
  49887,
  49900,
  49905,
  49920,
  49943,
  49956,
  49985,
  50007,
  50008,
  50012,
  50022,
  50067,
  50114,
  50129,
  50169,
  50239,
  50261,
  50271,
  50347,
  50387,
  50415,
  50425,
  50472,
  50488,
  50519,
  50539,
  50563,
  50579,
  50606,
  50635,
  50648,
  50654,
  50780,
  50789,
  50818,
  50857,
  50869,
  50898,
  50948,
  50971,
  51036,
  51101,
  51138,
  51165,
  51192,
  51221,
  51239,
  51270,
  51285,
  51288,
  51291,
  51306,
  51329,
  51362,
  51383,
  51393,
  51431,
  51439,
  51462,
  51486,
  51496,
  51510,
  51585,
  51633,
  51653,
  51658,
  51663,
  51666,
  51687,
  51695,
  51719,
  51728,
  51742,
  51788,
  51801,
  51801,
  51815,
  51878,
  51921,
  51922,
  51923,
  51943,
  51958,
  51980,
  51987,
  52107,
  52127,
  52132,
  52145,
  52160,
  52205,
  52206,
  52219,
  52236,
  52270,
  52381,
  52392,
  52423,
  52452,
  52488,
  52511,
  52543,
  52565,
  52592,
  52609,
  52611,
  52670,
  52707,
  52770,
  52806,
  52835,
  52837,
  52874,
  52903,
  52925,
  52949,
  52952,
  52968,
  52992,
  52997,
  53032,
  53070,
  53120,
  53126,
  53140,
  53162,
  53162,
  53171,
  53186,
  53201,
  53205,
  53223,
  53234,
  53248,
  53260,
  53274,
  53280,
  53312,
  53325,
  53343,
  53350,
  53363,
  53383,
  53384,
  53450,
  53460,
  53473,
  53506,
  53533,
  53542,
  53611,
  53622,
  53639,
  53646,
  53653,
  53684,
  53745,
  53764,
  53804,
  53820,
  53823,
  53846,
  53870,
  53887,
  53919,
  53937,
  53954,
  53979,
  54060,
  54066,
  54093,
  54096,
  54106,
  54148,
  54187,
  54218,
  54261,
  54269,
  54278,
  54334,
  54350,
  54393,
  54404,
  54409,
  54419,
  54431,
  54446,
  54473,
  54531,
  54581,
  54677,
  54677,
  54727,
  54775,
  54785,
  54813,
  54910,
  54972,
  54984,
  54985,
  55117,
  55122,
  55170,
  55178,
  55264,
  55316,
  55322,
  55347,
  55360,
  55370,
  55416,
  55423,
  55423,
  55445,
  55455,
  55458,
  55497,
  55517,
  55539,
  55562,
  55579,
  55581,
  55591,
  55621,
  55731,
  55760,
  55780,
  55794,
  55822,
  55852,
  55876,
  55885,
  55926,
  55935,
  55996,
  56013,
  56020,
  56030,
  56034,
  56054,
  56072,
  56075,
  56145,
  56158,
  56174,
  56196,
  56219,
  56233,
  56263,
  56270,
  56357,
  56374,
  56474,
  56517,
  56539,
  56546,
  56559,
  56566,
  56570,
  56573,
  56598,
  56638,
  56647,
  56649,
  56653,
  56683,
  56694,
  56770,
  56809,
  56922,
  56929,
  57048,
  57058,
  57075,
  57082,
  57125,
  57142,
  57182,
  57190,
  57239,
  57268,
  57270,
  57365,
  57367,
  57392,
  57420,
  57478,
  57482,
  57488,
  57502,
  57531,
  57553,
  57580,
  57605,
  57614,
  57650,
  57688,
  57691,
  57701,
  57707,
  57709,
  57711,
  57723,
  57766,
  57847,
  57875,
  57883,
  57910,
  57943,
  57988,
  57996,
  58002,
  58011,
  58013,
  58015,
  58110,
  58115,
  58145,
  58154,
  58159,
  58195,
  58221,
  58228,
  58266,
  58266,
  58274,
  58294,
  58313,
  58379,
  58409,
  58445,
  58534,
  58538,
  58559,
  58580,
  58584,
  58585,
  58612,
  58627,
  58646,
  58685,
  58700,
  58729,
  58761,
  58774,
  58790,
  58812,
  58812,
  58856,
  58871,
  58877,
  58970,
  58982,
  58985,
  59014,
  59015,
  59027,
  59087,
  59125,
  59126,
  59145,
  59163,
  59198,
  59214,
  59323,
  59329,
  59352,
  59396,
  59402,
  59411,
  59414,
  59451,
  59475,
  59486,
  59515,
  59533,
  59556,
  59640,
  59649,
  59670,
  59677,
  59763,
  59764,
  59823,
  59831,
  59882,
  59906,
  59909,
  59915,
  59995,
  59997,
  60023,
  60037,
  60094,
  60100,
  60105,
  60139,
  60152,
  60164,
  60191,
  60199,
  60289,
  60319,
  60352,
  60365,
  60386,
  60429,
  60444,
  60481,
  60497,
  60510,
  60516,
  60517,
  60572,
  60670,
  60694,
  60699,
  60705,
  60797,
  60848,
  60865,
  60865,
  60888,
  60905,
  60935,
  60975,
  60986,
  61099,
  61104,
  61104,
  61173,
  61181,
  61257,
  61260,
  61267,
  61303,
  61333,
  61369,
  61421,
  61439,
  61486,
  61600,
  61622,
  61640,
  61681,
  61704,
  61726,
  61747,
  61790,
  61806,
  61809,
  61824,
  61828,
  61832,
  61846,
  61867,
  61918,
  61945,
  61952,
  61989,
  61997,
  62033,
  62074,
  62090,
  62166,
  62175,
  62194,
  62197,
  62234,
  62244,
  62282,
  62296,
  62358,
  62391,
  62417,
  62457,
  62465,
  62470,
  62519,
  62532,
  62551,
  62567,
  62573,
  62578,
  62599,
  62607,
  62617,
  62657,
  62674,
  62689,
  62707,
  62742,
  62749,
  62805,
  62814,
  62834,
  62879,
  62910,
  62933,
  62955,
  62974,
  62981,
  63001,
  63026,
  63031,
  63083,
  63089,
  63126,
  63177,
  63177,
  63189,
  63222,
  63237,
  63237,
  63241,
  63301,
  63332,
  63338,
  63356,
  63385,
  63400,
  63431,
  63435,
  63445,
  63477,
  63480,
  63562,
  63626,
  63626,
  63636,
  63640,
  63648,
  63726,
  63734,
  63738,
  63754,
  63777,
  63833,
  63852,
  63861,
  63867,
  63900,
  63905,
  63907,
  63955,
  64008,
  64030,
  64036,
  64052,
  64102,
  64111,
  64126,
  64146,
  64161,
  64167,
  64169,
  64180,
  64242,
  64330,
  64374,
  64482,
  64508,
  64551,
  64572,
  64585,
  64598,
  64661,
  64686,
  64701,
  64707,
  64725,
  64804,
  64826,
  64844,
  64847,
  64860,
  64860,
  64874,
  64880,
  64888,
  64895,
  64956,
  65015,
  65017,
  65051,
  65087,
  65163,
  65187,
  65191,
  65202,
  65317,
  65382,
  65399,
  65411,
  65418,
  65451,
  65455,
  65490,
  65505,
  65506,
  65516,
  65533,
};

